=== OnnxOCR Text Extraction Report for Fixtures ===

=========================================
FILE: 2.jpg
=========================================
[USING KOREAN OCR MODEL]
[RAW WORDS DETECTED: 47]
"슬롯7" (score: 0.9631) | Box: [[322,109], [412,109], [412,147], [322,147]]
"팀ID:A8UGPUXFCA" (score: 0.9926) | Box: [[670,113], [948,113], [948,141], [670,141]]
"모노" (score: 0.8123) | Box: [[1434,107], [1506,107], [1506,147], [1434,147]]
"능력" (score: 0.9982) | Box: [[754,199], [824,199], [824,244], [754,244]]
"스테이터스" (score: 0.9997) | Box: [[1060,202], [1200,202], [1200,238], [1060,238]]
"R" (score: 0.9970) | Box: [[1344,208], [1372,208], [1372,236], [1344,236]]
"팬텀" (score: 0.9922) | Box: [[262,272], [338,272], [338,320], [262,320]]
"새도볼" (score: 0.8857) | Box: [[668,282], [760,282], [760,318], [668,318]]
"삼삼드래" (score: 0.9994) | Box: [[1066,276], [1202,276], [1202,318], [1066,318]]
"용성군" (score: 0.9962) | Box: [[1437,278], [1562,282], [1561,318], [1436,313]]
"저주받은바디" (score: 0.9974) | Box: [[274,326], [424,326], [424,359], [274,359]]
"끼이ㅎ롬어" (score: 0.6889) | Box: [[674,330], [810,330], [810,363], [674,363]]
"V" (score: 0.5974) | Box: [[1444,332], [1476,332], [1476,359], [1444,359]]
"악의파동" (score: 0.9965) | Box: [[1475,325], [1585,330], [1583,366], [1473,361]]
"길동무" (score: 0.9969) | Box: [[672,371], [760,371], [760,407], [672,407]]
"구애스카프" (score: 0.9897) | Box: [[1028,369], [1202,369], [1202,411], [1028,411]]
"H00" (score: 0.5550) | Box: [[640,415], [736,415], [736,453], [640,453]]
"메타그로스" (score: 0.9950) | Box: [[205,490], [434,495], [433,536], [204,532]]
"티어Y" (score: 0.5695) | Box: [[670,500], [784,500], [784,534], [670,534]]
"아머까오" (score: 0.9993) | Box: [[1064,492], [1202,492], [1202,534], [1064,534]]
"3" (score: 0.5098) | Box: [[1296,492], [1416,492], [1416,534], [1296,534]]
"바디프레스" (score: 0.9996) | Box: [[1478,502], [1606,502], [1606,530], [1478,530]]
"불릿펀치" (score: 0.9145) | Box: [[672,544], [782,544], [782,578], [672,578]]
"프레셔" (score: 0.9929) | Box: [[1074,542], [1154,542], [1154,578], [1074,578]]
"메타그로스나이트" (score: 0.9984) | Box: [[262,594], [470,594], [470,621], [262,621]]
"암해머" (score: 0.9522) | Box: [[678,592], [760,592], [760,621], [678,621]]
"먹다남은음식" (score: 0.9927) | Box: [[1068,590], [1224,590], [1224,625], [1068,625]]
"철벽" (score: 0.9946) | Box: [[1440,590], [1538,590], [1538,625], [1440,625]]
"3" (score: 0.7513) | Box: [[640,635], [678,635], [678,669], [640,669]]
"번개편치" (score: 0.9526) | Box: [[678,635], [784,635], [784,669], [678,669]]
"F" (score: 0.7332) | Box: [[1446,639], [1476,639], [1476,665], [1446,665]]
"날개쉬기" (score: 0.9934) | Box: [[1470,635], [1584,635], [1584,669], [1470,669]]
"한카리아스" (score: 0.9992) | Box: [[260,705], [436,705], [436,754], [260,754]]
"키리리속" (score: 0.5127) | Box: [[1052,709], [1200,709], [1200,750], [1052,750]]
"지진" (score: 0.9885) | Box: [[672,719], [734,719], [734,748], [672,748]]
"문포스" (score: 0.9911) | Box: [[1473,717], [1561,712], [1563,748], [1475,753]]
"까칠한피부" (score: 0.9982) | Box: [[274,762], [400,762], [400,796], [274,796]]
"스케일샷" (score: 0.9581) | Box: [[676,764], [786,764], [786,798], [676,798]]
"급류" (score: 0.9996) | Box: [[1074,758], [1132,758], [1132,798], [1074,798]]
"물거품아리아" (score: 0.9931) | Box: [[1474,764], [1632,764], [1632,798], [1474,798]]
"기합의띠" (score: 0.9150) | Box: [[226,802], [378,802], [378,846], [226,846]]
"O칼춤" (score: 0.7973) | Box: [[638,806], [736,806], [736,844], [638,844]]
"아쿠아제트" (score: 0.9985) | Box: [[1440,808], [1608,808], [1608,842], [1440,842]]
"스텔스록" (score: 0.9995) | Box: [[672,852], [784,852], [784,885], [672,885]]
"명상" (score: 0.9933) | Box: [[1438,852], [1538,852], [1538,887], [1438,887]]
"B" (score: 0.9998) | Box: [[1700,1018], [1732,1018], [1732,1044], [1700,1044]]
"돌아간다" (score: 0.9995) | Box: [[1726,1009], [1875,1004], [1876,1048], [1727,1053]]

=========================================
FILE: 20260805170752.jpg
=========================================
[USING DEFAULT OCR MODEL]
[RAW WORDS DETECTED: 49]
"スロツト1" (score: 0.9576) | Box: [[189,69], [266,69], [266,91], [189,91]]
"チームID:1CKAVFHHQQ" (score: 0.9429) | Box: [[406,71], [605,71], [605,88], [406,88]]
"そらをとふ" (score: 0.9282) | Box: [[869,69], [970,69], [970,91], [869,91]]
"能力" (score: 0.9979) | Box: [[472,127], [512,127], [512,150], [472,150]]
"ステータス" (score: 0.9957) | Box: [[664,128], [746,128], [746,150], [664,150]]
"R" (score: 0.9709) | Box: [[840,130], [858,130], [858,149], [840,149]]
"カバルドン" (score: 0.9601) | Box: [[162,170], [266,173], [266,199], [161,196]]
"Uしん" (score: 0.6923) | Box: [[400,176], [474,176], [474,199], [400,199]]
"カイリュー" (score: 0.9797) | Box: [[665,172], [764,172], [764,199], [665,199]]
"うのはどう" (score: 0.8173) | Box: [[920,179], [1029,179], [1029,196], [920,196]]
"すなおこし" (score: 0.8759) | Box: [[171,202], [248,205], [247,226], [170,223]]
"ステルスロツク" (score: 0.8323) | Box: [[425,208], [528,208], [528,226], [425,226]]
"マチスケイル" (score: 0.8383) | Box: [[675,206], [772,206], [772,223], [675,223]]
"かえんほうしや" (score: 0.8900) | Box: [[923,205], [1033,207], [1032,228], [922,226]]
"オポンのみ" (score: 0.8354) | Box: [[171,236], [249,236], [249,253], [171,253]]
">0" (score: 0.5273) | Box: [[400,232], [474,232], [474,254], [400,254]]
"カリナト" (score: 0.7601) | Box: [[643,232], [773,235], [772,256], [642,253]]
"10まん术ルト" (score: 0.8233) | Box: [[930,237], [1022,237], [1022,251], [930,251]]
"0ふきとばし" (score: 0.7940) | Box: [[400,261], [502,261], [502,283], [400,283]]
"はねやすめ" (score: 0.9698) | Box: [[928,263], [1002,263], [1002,280], [928,280]]
"ハツサム" (score: 0.9278) | Box: [[163,306], [247,309], [246,335], [162,332]]
"バレツトパンチ" (score: 0.7827) | Box: [[401,313], [528,313], [528,334], [401,334]]
"サザンドラ" (score: 0.9993) | Box: [[666,310], [766,310], [766,333], [666,333]]
"うせいぐん" (score: 0.6233) | Box: [[920,313], [1030,315], [1030,333], [920,330]]
"テクニシヤン" (score: 0.8200) | Box: [[170,340], [262,340], [262,361], [170,361]]
"とんほがえり" (score: 0.9368) | Box: [[426,344], [516,344], [516,361], [426,361]]
"ふゆう" (score: 0.9618) | Box: [[672,341], [720,341], [720,360], [672,360]]
"あくのはどう" (score: 0.9547) | Box: [[926,344], [1016,344], [1016,361], [926,361]]
"ハサナト" (score: 0.7451) | Box: [[143,367], [273,370], [272,391], [142,388]]
"こスーフ" (score: 0.6030) | Box: [[642,367], [791,367], [791,392], [642,392]]
"かえんほうしや" (score: 0.9099) | Box: [[925,371], [1031,371], [1031,388], [925,388]]
"はねやすめ" (score: 0.9860) | Box: [[428,400], [502,400], [502,417], [428,417]]
"とんほがえり" (score: 0.9231) | Box: [[924,398], [1018,396], [1019,417], [924,420]]
"アシレーヌ" (score: 0.9851) | Box: [[162,447], [262,447], [262,469], [162,469]]
"?" (score: 0.7168) | Box: [[312,448], [341,448], [341,468], [312,468]]
"うたかたのアリア" (score: 0.7897) | Box: [[424,449], [542,449], [542,467], [424,467]]
"サーフゴー" (score: 0.9939) | Box: [[661,444], [764,444], [764,470], [661,470]]
"ゴードラツシ" (score: 0.5988) | Box: [[904,450], [1040,450], [1040,468], [904,468]]
"げきりゆう" (score: 0.7266) | Box: [[172,478], [245,478], [245,495], [172,495]]
"オース" (score: 0.5420) | Box: [[424,480], [525,480], [525,498], [424,498]]
"おうこんのからだ" (score: 0.8578) | Box: [[671,478], [792,476], [793,495], [671,496]]
"シヤドーポール" (score: 0.7111) | Box: [[922,476], [1033,479], [1032,500], [921,497]]
"たべのこし" (score: 0.9782) | Box: [[170,506], [250,506], [250,527], [170,527]]
"めいそう" (score: 0.9692) | Box: [[422,507], [489,507], [489,525], [422,525]]
"いのちのたま" (score: 0.9945) | Box: [[671,507], [764,507], [764,525], [671,525]]
"わるだく" (score: 0.8386) | Box: [[922,507], [1001,507], [1001,525], [922,525]]
"いい" (score: 0.6012) | Box: [[901,534], [1019,534], [1019,555], [901,555]]
"B" (score: 0.9951) | Box: [[1104,637], [1121,637], [1121,653], [1104,653]]
"戻る" (score: 0.9988) | Box: [[1126,630], [1174,630], [1174,659], [1126,659]]

=========================================
FILE: 20260805171011.jpg
=========================================
[USING DEFAULT OCR MODEL]
[RAW WORDS DETECTED: 95]
"スロツト1" (score: 0.9524) | Box: [[187,70], [266,67], [267,89], [188,92]]
"チームID:1CKAVFHHQQ" (score: 0.9429) | Box: [[406,71], [605,71], [605,88], [406,88]]
"そらをとふ" (score: 0.9203) | Box: [[868,68], [970,68], [970,91], [868,91]]
"能力" (score: 0.9989) | Box: [[472,127], [514,127], [514,150], [472,150]]
"ステータス" (score: 0.9388) | Box: [[661,125], [749,125], [749,151], [661,151]]
"R" (score: 0.9767) | Box: [[840,130], [858,130], [858,148], [840,148]]
"カバルドン" (score: 0.8844) | Box: [[161,172], [268,172], [268,199], [161,199]]
"カイリュー" (score: 0.9779) | Box: [[665,174], [764,174], [764,196], [665,196]]
"HP" (score: 0.9766) | Box: [[165,202], [196,202], [196,223], [165,223]]
"215" (score: 0.9977) | Box: [[246,202], [287,198], [289,222], [248,225]]
"32" (score: 0.9979) | Box: [[314,205], [340,205], [340,222], [314,222]]
"とくこう790" (score: 0.7176) | Box: [[354,205], [550,205], [550,222], [354,222]]
"HP" (score: 0.9899) | Box: [[665,202], [699,202], [699,225], [665,225]]
"167" (score: 0.9984) | Box: [[751,203], [788,203], [788,222], [751,222]]
"1" (score: 0.9981) | Box: [[815,207], [828,207], [828,220], [815,220]]
"2>2" (score: 0.6790) | Box: [[853,201], [950,204], [950,225], [852,222]]
"15232" (score: 0.9988) | Box: [[971,205], [1059,205], [1059,222], [971,222]]
"*こうげき" (score: 0.7708) | Box: [[132,227], [234,227], [234,257], [132,257]]
"132" (score: 0.9978) | Box: [[249,232], [290,232], [290,251], [249,251]]
"0" (score: 0.7393) | Box: [[285,232], [336,232], [336,251], [285,251]]
"とくほう13632" (score: 0.9344) | Box: [[379,231], [560,231], [560,252], [379,252]]
"*" (score: 0.9639) | Box: [[636,231], [666,231], [666,254], [636,254]]
"こうげき138" (score: 0.8838) | Box: [[662,231], [789,231], [789,252], [662,252]]
"-0" (score: 0.6831) | Box: [[810,233], [830,233], [830,249], [810,249]]
"とくぼう" (score: 0.7809) | Box: [[884,233], [952,233], [952,251], [884,251]]
"121-1" (score: 0.9681) | Box: [[967,228], [1052,231], [1051,253], [966,250]]
"米" (score: 0.5442) | Box: [[135,258], [162,258], [162,280], [135,280]]
"ほうきよ" (score: 0.8616) | Box: [[168,259], [231,259], [231,279], [168,279]]
"1402" (score: 0.9926) | Box: [[249,258], [334,258], [334,280], [249,280]]
"すばやさ" (score: 0.8680) | Box: [[384,261], [451,261], [451,278], [384,278]]
"67-0" (score: 0.8557) | Box: [[476,258], [551,258], [551,279], [476,279]]
"ほうきよ" (score: 0.7762) | Box: [[669,261], [730,261], [730,278], [669,278]]
"115" (score: 0.9984) | Box: [[750,261], [788,261], [788,278], [750,278]]
"0" (score: 0.9709) | Box: [[812,261], [830,261], [830,278], [812,278]]
"美" (score: 0.6025) | Box: [[855,259], [886,259], [886,279], [855,279]]
"すはやさ14532" (score: 0.9225) | Box: [[885,261], [1059,261], [1059,278], [885,278]]
"ハツサム" (score: 0.9472) | Box: [[163,305], [247,308], [246,335], [162,332]]
"サザンドラ" (score: 0.9992) | Box: [[666,310], [766,310], [766,333], [666,333]]
"HP" (score: 0.9787) | Box: [[166,339], [196,339], [196,359], [166,359]]
"177" (score: 0.9978) | Box: [[250,340], [288,340], [288,359], [250,359]]
"32" (score: 0.9975) | Box: [[311,340], [342,340], [342,359], [311,359]]
"とくこう" (score: 0.8586) | Box: [[384,340], [465,340], [465,357], [384,357]]
"67-0" (score: 0.8570) | Box: [[475,339], [551,339], [551,360], [475,360]]
"HP" (score: 0.9848) | Box: [[665,339], [698,339], [698,359], [665,359]]
"169" (score: 0.9988) | Box: [[750,339], [789,339], [789,359], [750,359]]
"2" (score: 0.9962) | Box: [[814,340], [831,340], [831,359], [814,359]]
"とくこう 19432" (score: 0.8597) | Box: [[854,339], [1060,339], [1060,360], [854,360]]
"米こげき1672" (score: 0.8238) | Box: [[134,365], [338,365], [338,390], [134,390]]
"とくほう" (score: 0.8398) | Box: [[382,367], [449,367], [449,385], [382,385]]
"100" (score: 0.9983) | Box: [[469,369], [508,369], [508,386], [469,386]]
"*こげき112" (score: 0.7594) | Box: [[636,367], [790,367], [790,388], [636,388]]
"©" (score: 0.5247) | Box: [[855,367], [884,367], [884,387], [855,387]]
"とくほう" (score: 0.9134) | Box: [[884,367], [952,367], [952,388], [884,388]]
"110" (score: 0.9986) | Box: [[968,369], [1010,369], [1010,386], [968,386]]
"0" (score: 0.8709) | Box: [[1002,369], [1051,369], [1051,386], [1002,386]]
"米" (score: 0.6272) | Box: [[135,395], [164,395], [164,416], [135,416]]
"ほうきよ" (score: 0.8615) | Box: [[165,395], [231,395], [231,416], [165,416]]
"152" (score: 0.9974) | Box: [[249,396], [290,396], [290,414], [249,414]]
"32すばやさ" (score: 0.7449) | Box: [[310,395], [452,395], [452,416], [310,416]]
"85" (score: 0.9980) | Box: [[478,396], [512,396], [512,414], [478,414]]
"0" (score: 0.9666) | Box: [[530,396], [550,396], [550,413], [530,413]]
"ほうぎよ" (score: 0.7391) | Box: [[665,395], [731,395], [731,416], [665,416]]
"110" (score: 0.9985) | Box: [[749,396], [788,396], [788,414], [749,414]]
"0" (score: 0.9556) | Box: [[814,397], [830,397], [830,413], [814,413]]
"すばやさ" (score: 0.8439) | Box: [[854,395], [956,395], [956,416], [854,416]]
"150-32" (score: 0.9089) | Box: [[949,395], [1060,395], [1060,416], [949,416]]
"アシレーヌ" (score: 0.9988) | Box: [[165,445], [264,445], [264,468], [165,468]]
"?" (score: 0.5628) | Box: [[311,447], [340,447], [340,468], [311,468]]
"サーフゴー" (score: 0.9974) | Box: [[660,442], [766,442], [766,472], [660,472]]
"HP" (score: 0.9892) | Box: [[164,475], [196,475], [196,495], [164,495]]
"187" (score: 0.9983) | Box: [[251,475], [288,475], [288,495], [251,495]]
"32" (score: 0.9970) | Box: [[311,475], [386,475], [386,496], [311,496]]
"とくこう17211" (score: 0.8914) | Box: [[384,476], [559,476], [559,494], [384,494]]
"HP" (score: 0.9835) | Box: [[660,475], [698,475], [698,495], [660,495]]
"189" (score: 0.9983) | Box: [[751,476], [790,476], [790,495], [751,495]]
"27" (score: 0.9937) | Box: [[782,476], [850,476], [850,494], [782,494]]
"とくこう192一22" (score: 0.8121) | Box: [[880,476], [1060,476], [1060,494], [880,494]]
"*こげき" (score: 0.5882) | Box: [[134,501], [264,501], [264,526], [134,526]]
"84" (score: 0.9987) | Box: [[256,504], [291,504], [291,522], [256,522]]
"0" (score: 0.9304) | Box: [[290,504], [332,504], [332,522], [290,522]]
"とくほう" (score: 0.8860) | Box: [[389,504], [449,504], [449,522], [389,522]]
"136" (score: 0.9987) | Box: [[469,504], [506,504], [506,522], [469,522]]
"0" (score: 0.9598) | Box: [[530,505], [550,505], [550,521], [530,521]]
"こげき720" (score: 0.7786) | Box: [[635,501], [835,501], [835,526], [635,526]]
"©" (score: 0.5882) | Box: [[854,504], [884,504], [884,522], [854,522]]
"とくほう" (score: 0.8873) | Box: [[885,503], [951,503], [951,524], [885,524]]
"111" (score: 0.9970) | Box: [[969,504], [1008,504], [1008,522], [969,522]]
"0" (score: 0.9531) | Box: [[1032,505], [1050,505], [1050,521], [1032,521]]
"94-0" (score: 0.8982) | Box: [[258,532], [355,532], [355,550], [258,550]]
"すばやさ" (score: 0.7400) | Box: [[350,531], [454,531], [454,552], [350,552]]
"103--23" (score: 0.9501) | Box: [[466,532], [559,532], [559,550], [466,550]]
"米ぼうきよ1150" (score: 0.7942) | Box: [[634,529], [859,529], [859,553], [634,553]]
"すはやさ121-17" (score: 0.8536) | Box: [[849,530], [1061,529], [1061,551], [849,552]]
"B" (score: 0.9936) | Box: [[1104,637], [1122,637], [1122,653], [1104,653]]
"戻る" (score: 0.9988) | Box: [[1126,630], [1174,630], [1174,659], [1126,659]]

=========================================
FILE: 20260805214619.jpg
=========================================
[USING DEFAULT OCR MODEL]
[RAW WORDS DETECTED: 50]
"編成するバトルチーを選んでください" (score: 0.8818) | Box: [[424,19], [774,19], [774,40], [424,40]]
"能力" (score: 0.9985) | Box: [[495,99], [529,99], [529,117], [495,117]]
"ステータス" (score: 0.9377) | Box: [[651,99], [719,99], [719,116], [651,116]]
"ャラドス" (score: 0.7840) | Box: [[238,136], [325,136], [325,157], [238,157]]
"のまい" (score: 0.8602) | Box: [[435,140], [531,140], [531,157], [435,157]]
"オーロンゲ" (score: 0.8084) | Box: [[648,136], [739,136], [739,157], [648,157]]
"ちようはつ" (score: 0.7759) | Box: [[846,140], [931,140], [931,157], [846,157]]
"いかく" (score: 0.9868) | Box: [[246,162], [285,162], [285,181], [246,181]]
"冰" (score: 0.9477) | Box: [[436,164], [454,164], [454,181], [436,181]]
"このキバ" (score: 0.7495) | Box: [[455,166], [532,166], [532,179], [455,179]]
"いす5こころ" (score: 0.7113) | Box: [[660,164], [745,164], [745,178], [660,178]]
"リフレター" (score: 0.7688) | Box: [[846,162], [942,162], [942,183], [846,183]]
"ヤラドスナト" (score: 0.7464) | Box: [[238,185], [340,187], [340,204], [237,203]]
"Uしh" (score: 0.7578) | Box: [[456,187], [495,187], [495,204], [456,204]]
"ひかのねんど" (score: 0.9186) | Box: [[636,187], [746,187], [746,204], [636,204]]
"ひかりのかべ" (score: 0.8953) | Box: [[849,187], [946,187], [946,204], [849,204]]
"バワーウツフ" (score: 0.7605) | Box: [[456,211], [539,211], [539,225], [456,225]]
"ソウルクラツシユ" (score: 0.7883) | Box: [[866,210], [966,210], [966,226], [866,226]]
"キラフロル" (score: 0.9990) | Box: [[244,250], [325,250], [325,267], [244,267]]
"キラースビン" (score: 0.9111) | Box: [[454,251], [530,251], [530,268], [454,268]]
"ピクシー" (score: 0.9109) | Box: [[656,249], [712,249], [712,267], [656,267]]
"コスモバワ" (score: 0.9166) | Box: [[867,254], [934,254], [934,267], [867,267]]
"どくげしよう" (score: 0.8241) | Box: [[249,276], [317,276], [317,289], [249,289]]
"マツドシヨツト" (score: 0.7179) | Box: [[458,278], [536,278], [536,292], [458,292]]
"てんねん" (score: 0.9933) | Box: [[661,277], [709,277], [709,291], [661,291]]
"つきのひかり" (score: 0.8950) | Box: [[870,277], [942,277], [942,291], [870,291]]
"2" (score: 0.9915) | Box: [[226,298], [244,298], [244,314], [226,314]]
"きあいのタスキ" (score: 0.9036) | Box: [[244,300], [332,300], [332,314], [244,314]]
"山" (score: 0.7779) | Box: [[436,299], [455,299], [455,314], [436,314]]
"エナジーール" (score: 0.8149) | Box: [[455,300], [545,300], [545,314], [455,314]]
"ピクシナイト" (score: 0.7968) | Box: [[658,300], [730,300], [730,314], [658,314]]
"ストワ" (score: 0.6674) | Box: [[848,298], [948,298], [948,315], [848,315]]
"だいちのちから" (score: 0.9586) | Box: [[458,323], [545,323], [545,336], [458,336]]
"ムーンフォース" (score: 0.5681) | Box: [[870,323], [950,323], [950,336], [870,336]]
"ポツトデス" (score: 0.8408) | Box: [[241,359], [324,359], [324,381], [241,381]]
"中" (score: 0.6198) | Box: [[382,365], [396,365], [396,375], [382,375]]
"0か5をやる" (score: 0.8239) | Box: [[438,366], [531,366], [531,380], [438,380]]
"ウルガモス" (score: 0.9995) | Box: [[654,359], [738,359], [738,381], [654,381]]
"ちようのまい" (score: 0.8165) | Box: [[869,366], [944,366], [944,378], [869,378]]
"のろわれポイ" (score: 0.7963) | Box: [[245,386], [332,386], [332,403], [245,403]]
"0バトンタッチ" (score: 0.7817) | Box: [[438,390], [528,390], [528,403], [438,403]]
"ほのおのからだ" (score: 0.8653) | Box: [[660,386], [747,386], [747,403], [660,403]]
"0あさのひざし" (score: 0.8083) | Box: [[849,387], [945,387], [945,404], [849,404]]
"しろいハーブ" (score: 0.8311) | Box: [[224,405], [322,410], [321,431], [223,426]]
"ちからをすいとる" (score: 0.9892) | Box: [[455,411], [558,411], [558,427], [455,427]]
"オンの" (score: 0.5144) | Box: [[659,411], [720,411], [720,424], [659,424]]
"山" (score: 0.6520) | Box: [[849,411], [870,411], [870,425], [849,425]]
"ガドレイン" (score: 0.8324) | Box: [[865,407], [943,410], [942,427], [865,424]]
"アシストバワ" (score: 0.7203) | Box: [[456,433], [531,433], [531,446], [456,446]]
"ほのおのまい" (score: 0.9428) | Box: [[868,434], [945,434], [945,448], [868,448]]

=========================================
FILE: 20260805214632.jpg
=========================================
[USING DEFAULT OCR MODEL]
[RAW WORDS DETECTED: 110]
"=" (score: 0.5147) | Box: [[1081,7], [1114,7], [1114,32], [1081,32]]
"編成するバトルチームをんでください" (score: 0.7826) | Box: [[426,21], [774,21], [774,38], [426,38]]
"能力" (score: 0.9983) | Box: [[499,101], [526,101], [526,116], [499,116]]
"ステータス" (score: 0.9391) | Box: [[651,96], [723,99], [722,118], [650,115]]
"ヤラドス" (score: 0.8145) | Box: [[237,133], [325,136], [324,159], [236,156]]
"オーロン" (score: 0.8082) | Box: [[650,136], [739,136], [739,157], [650,157]]
"HP" (score: 0.9876) | Box: [[242,162], [266,162], [266,178], [242,178]]
"171" (score: 0.9975) | Box: [[310,161], [345,161], [345,179], [310,179]]
"とくこう" (score: 0.8546) | Box: [[425,163], [488,163], [488,177], [425,177]]
"72-" (score: 0.8621) | Box: [[499,163], [542,163], [542,177], [499,177]]
"0" (score: 0.9685) | Box: [[544,164], [556,164], [556,176], [544,176]]
"HP" (score: 0.9943) | Box: [[656,162], [679,162], [679,178], [656,178]]
"201" (score: 0.9938) | Box: [[724,161], [755,161], [755,179], [724,179]]
"31" (score: 0.9970) | Box: [[776,163], [798,163], [798,177], [776,177]]
"とくこう" (score: 0.8192) | Box: [[838,163], [900,163], [900,177], [838,177]]
"103" (score: 0.9985) | Box: [[905,163], [935,163], [935,177], [905,177]]
"0" (score: 0.9786) | Box: [[956,164], [970,164], [970,176], [956,176]]
"米" (score: 0.8878) | Box: [[220,188], [239,188], [239,200], [220,200]]
"こうげき" (score: 0.8804) | Box: [[244,187], [292,187], [292,200], [244,200]]
"177" (score: 0.9982) | Box: [[311,187], [341,184], [343,199], [312,202]]
"32" (score: 0.9968) | Box: [[364,185], [386,185], [386,200], [364,200]]
"とくぼう" (score: 0.7978) | Box: [[424,187], [475,187], [475,200], [424,200]]
"1200" (score: 0.9944) | Box: [[491,184], [559,184], [559,202], [491,202]]
"こげき" (score: 0.8805) | Box: [[631,187], [708,187], [708,200], [631,200]]
"140" (score: 0.9985) | Box: [[725,185], [754,185], [754,200], [725,200]]
"0" (score: 0.9693) | Box: [[774,185], [791,185], [791,200], [774,200]]
"とくほう" (score: 0.7492) | Box: [[838,187], [888,187], [888,200], [838,200]]
"105-10" (score: 0.9257) | Box: [[906,185], [980,185], [980,203], [906,203]]
"米" (score: 0.8236) | Box: [[218,208], [239,208], [239,224], [218,224]]
"ぼうきよ" (score: 0.7282) | Box: [[244,209], [292,209], [292,223], [244,223]]
"100" (score: 0.9986) | Box: [[312,209], [341,209], [341,223], [312,223]]
"すはやさ146一32" (score: 0.8562) | Box: [[422,208], [566,208], [566,225], [422,225]]
"米" (score: 0.5862) | Box: [[630,209], [651,209], [651,224], [630,224]]
"ほうきよ11722" (score: 0.9002) | Box: [[656,208], [800,208], [800,224], [656,224]]
"すばさ" (score: 0.6855) | Box: [[809,208], [890,208], [890,225], [809,225]]
"833" (score: 0.9979) | Box: [[912,208], [972,208], [972,225], [912,225]]
"キラフロル" (score: 0.9990) | Box: [[241,247], [326,247], [326,268], [241,268]]
"ピクシー" (score: 0.9851) | Box: [[654,247], [720,247], [720,268], [654,268]]
"HP" (score: 0.9865) | Box: [[242,273], [265,273], [265,289], [242,289]]
"159" (score: 0.9968) | Box: [[312,272], [342,272], [342,291], [312,291]]
"2>?" (score: 0.7743) | Box: [[420,276], [472,276], [472,289], [420,289]]
"182" (score: 0.9980) | Box: [[494,275], [524,275], [524,289], [494,289]]
"-32" (score: 0.7889) | Box: [[520,273], [566,273], [566,291], [520,291]]
"HP" (score: 0.9925) | Box: [[651,272], [680,272], [680,291], [651,291]]
"202" (score: 0.9981) | Box: [[725,275], [755,275], [755,289], [725,289]]
"32" (score: 0.9976) | Box: [[775,275], [799,275], [799,289], [775,289]]
"とくこう" (score: 0.9046) | Box: [[831,275], [886,272], [887,289], [832,292]]
"115" (score: 0.9982) | Box: [[906,275], [936,275], [936,289], [906,289]]
"0" (score: 0.9820) | Box: [[958,276], [969,276], [969,288], [958,288]]
"*" (score: 0.7695) | Box: [[219,297], [239,297], [239,313], [219,313]]
"こうげき" (score: 0.8468) | Box: [[244,298], [309,298], [309,312], [244,312]]
"67" (score: 0.9979) | Box: [[319,298], [342,298], [342,312], [319,312]]
"0" (score: 0.9724) | Box: [[364,298], [376,298], [376,310], [364,310]]
"©" (score: 0.5522) | Box: [[398,297], [419,297], [419,313], [398,313]]
"とくぼう" (score: 0.7691) | Box: [[424,297], [476,297], [476,314], [424,314]]
"102" (score: 0.9116) | Box: [[494,298], [524,298], [524,312], [494,312]]
"-1" (score: 0.7744) | Box: [[540,298], [558,298], [558,313], [540,313]]
"こうげき" (score: 0.8400) | Box: [[654,298], [724,298], [724,312], [654,312]]
"81" (score: 0.9976) | Box: [[729,298], [753,298], [753,312], [729,312]]
"0" (score: 0.9670) | Box: [[778,299], [789,299], [789,310], [778,310]]
"とくぼう" (score: 0.8729) | Box: [[838,297], [889,297], [889,314], [838,314]]
"110" (score: 0.9986) | Box: [[906,298], [936,298], [936,312], [906,312]]
"0" (score: 0.9694) | Box: [[956,299], [970,299], [970,312], [956,312]]
"米" (score: 0.7866) | Box: [[218,319], [239,319], [239,336], [218,336]]
"ほうきよ" (score: 0.6975) | Box: [[245,322], [292,322], [292,334], [245,334]]
"110" (score: 0.9983) | Box: [[312,320], [341,320], [341,335], [312,335]]
"0" (score: 0.9835) | Box: [[365,322], [376,322], [376,334], [365,334]]
"すばやさ会151" (score: 0.8099) | Box: [[425,322], [522,322], [522,334], [425,334]]
"32" (score: 0.9973) | Box: [[540,320], [565,320], [565,334], [540,334]]
"米" (score: 0.7964) | Box: [[630,319], [652,319], [652,335], [630,335]]
"ほきよ会" (score: 0.7590) | Box: [[659,322], [720,322], [720,334], [659,334]]
"137" (score: 0.9984) | Box: [[726,323], [751,323], [751,333], [726,333]]
"32" (score: 0.9979) | Box: [[776,320], [798,320], [798,335], [776,335]]
"すばやさ" (score: 0.7875) | Box: [[838,322], [889,322], [889,335], [838,335]]
"82" (score: 0.9981) | Box: [[914,320], [936,320], [936,335], [914,335]]
"2" (score: 0.9950) | Box: [[958,320], [969,320], [969,334], [958,334]]
"ポツトデス" (score: 0.8407) | Box: [[241,359], [324,359], [324,381], [241,381]]
"ウルガモス" (score: 0.9998) | Box: [[654,359], [739,359], [739,381], [654,381]]
"❤" (score: 0.7349) | Box: [[220,386], [238,386], [238,401], [220,401]]
"HP" (score: 0.9877) | Box: [[242,386], [265,386], [265,401], [242,401]]
"149-" (score: 0.8818) | Box: [[312,385], [354,385], [354,402], [312,402]]
"14" (score: 0.9986) | Box: [[365,386], [386,386], [386,399], [365,399]]
"2>?" (score: 0.7430) | Box: [[425,387], [472,387], [472,401], [425,401]]
"154" (score: 0.9985) | Box: [[494,386], [524,386], [524,401], [494,401]]
"0" (score: 0.9334) | Box: [[542,387], [555,385], [557,398], [544,400]]
"HP" (score: 0.9899) | Box: [[656,386], [679,386], [679,401], [656,401]]
"192" (score: 0.9981) | Box: [[728,386], [754,386], [754,401], [728,401]]
"32" (score: 0.9970) | Box: [[776,387], [798,387], [798,401], [776,401]]
"2>?" (score: 0.7364) | Box: [[839,387], [885,387], [885,401], [839,401]]
"155" (score: 0.9983) | Box: [[906,386], [935,386], [935,401], [906,401]]
"0" (score: 0.9685) | Box: [[958,388], [969,388], [969,399], [958,399]]
"*" (score: 0.5875) | Box: [[219,409], [238,409], [238,424], [219,424]]
"こうげき" (score: 0.7731) | Box: [[245,409], [309,409], [309,423], [245,423]]
"760" (score: 0.9934) | Box: [[317,409], [378,409], [378,423], [317,423]]
"とくぼう" (score: 0.7552) | Box: [[424,409], [475,409], [475,423], [424,423]]
"134" (score: 0.9972) | Box: [[491,409], [525,409], [525,423], [491,423]]
"0" (score: 0.9452) | Box: [[544,411], [556,411], [556,422], [544,422]]
"こうげき" (score: 0.8358) | Box: [[656,409], [730,409], [730,423], [656,423]]
"72" (score: 0.9959) | Box: [[725,409], [756,409], [756,423], [725,423]]
"とくぼう" (score: 0.8489) | Box: [[839,409], [888,409], [888,423], [839,423]]
"125" (score: 0.9983) | Box: [[906,409], [936,409], [936,423], [906,423]]
"0" (score: 0.9741) | Box: [[956,411], [970,411], [970,423], [956,423]]
"米" (score: 0.8876) | Box: [[218,430], [240,430], [240,446], [218,446]]
"ほうきよ12226" (score: 0.8913) | Box: [[242,432], [388,432], [388,448], [242,448]]
"すばやさ" (score: 0.6459) | Box: [[396,430], [479,430], [479,448], [396,448]]
"116-26" (score: 0.9329) | Box: [[490,430], [566,430], [566,448], [490,448]]
"米" (score: 0.7747) | Box: [[630,432], [654,432], [654,446], [630,446]]
"108-23" (score: 0.9387) | Box: [[720,433], [801,433], [801,446], [720,446]]
"すはやさ会144" (score: 0.8087) | Box: [[795,430], [950,430], [950,448], [795,448]]
"-11" (score: 0.8761) | Box: [[950,432], [976,432], [976,445], [950,445]]

=========================================
FILE: 20260808125014.png
=========================================
[USING DEFAULT OCR MODEL]
[RAW WORDS DETECTED: 63]
"Select a Battle Team to Edit" (score: 0.9489) | Box: [[438,25], [759,25], [759,58], [438,58]]
"Moves & More" (score: 0.9189) | Box: [[414,139], [539,139], [539,165], [414,165]]
"Stats" (score: 0.9985) | Box: [[696,138], [746,138], [746,168], [696,168]]
"カバルドン" (score: 0.8800) | Box: [[94,190], [216,190], [216,221], [94,221]]
"リザードン" (score: 0.9175) | Box: [[669,187], [794,190], [793,221], [669,218]]
"HP" (score: 0.9935) | Box: [[88,225], [131,225], [131,253], [88,253]]
"21532" (score: 0.9964) | Box: [[199,226], [311,226], [311,252], [199,252]]
" Sp.Atk" (score: 0.9343) | Box: [[310,225], [431,225], [431,254], [310,254]]
"790" (score: 0.9945) | Box: [[458,226], [540,226], [540,252], [458,252]]
"HP" (score: 0.9925) | Box: [[670,226], [708,226], [708,252], [670,252]]
"1552" (score: 0.9962) | Box: [[779,226], [878,226], [878,252], [779,252]]
" Sp.Atk" (score: 0.8680) | Box: [[889,225], [1011,225], [1011,254], [889,254]]
"116-0" (score: 0.9164) | Box: [[1025,226], [1119,226], [1119,252], [1025,252]]
"*Attack" (score: 0.8861) | Box: [[60,256], [155,256], [155,287], [60,287]]
"1320 Sp.Def" (score: 0.9603) | Box: [[198,257], [415,257], [415,287], [198,287]]
"942" (score: 0.9962) | Box: [[456,253], [544,257], [543,290], [454,285]]
"14932 Sp.Def" (score: 0.9648) | Box: [[776,257], [995,257], [995,287], [776,287]]
"1050" (score: 0.9955) | Box: [[1026,255], [1122,258], [1121,286], [1025,283]]
"Defense 187—32Speed" (score: 0.9144) | Box: [[60,289], [408,289], [408,318], [60,318]]
"670" (score: 0.9963) | Box: [[457,291], [540,288], [542,316], [458,319]]
"米Defense" (score: 0.9532) | Box: [[638,288], [747,288], [747,319], [638,319]]
"98-0" (score: 0.9419) | Box: [[785,290], [894,290], [894,316], [785,316]]
"Speed" (score: 0.9964) | Box: [[885,289], [986,289], [986,319], [885,319]]
"152—32" (score: 0.8854) | Box: [[1028,288], [1129,288], [1129,318], [1028,318]]
"ミミツキユ" (score: 0.5765) | Box: [[52,345], [213,341], [214,379], [53,384]]
"メタグロス" (score: 0.8864) | Box: [[629,345], [795,348], [795,379], [629,376]]
"HP" (score: 0.9221) | Box: [[62,382], [131,382], [131,409], [62,409]]
"132-2" (score: 0.8953) | Box: [[200,383], [311,383], [311,409], [200,409]]
"630" (score: 0.9916) | Box: [[456,383], [541,383], [541,409], [456,409]]
"HP" (score: 0.9839) | Box: [[640,382], [709,382], [709,409], [640,409]]
"183-28" (score: 0.9048) | Box: [[777,383], [892,383], [892,409], [777,409]]
" Sp. Atk" (score: 0.8665) | Box: [[889,382], [1009,382], [1009,412], [889,412]]
"103-0" (score: 0.9310) | Box: [[1026,382], [1119,382], [1119,408], [1026,408]]
"*Attack" (score: 0.9290) | Box: [[60,413], [172,413], [172,444], [60,444]]
"156—32 Sp.Def" (score: 0.9160) | Box: [[198,412], [418,412], [418,445], [198,445]]
"1250" (score: 0.9904) | Box: [[447,410], [547,413], [546,444], [446,441]]
"*Attack" (score: 0.9380) | Box: [[639,412], [734,412], [734,443], [639,443]]
"156-1" (score: 0.9135) | Box: [[775,413], [884,413], [884,443], [775,443]]
"Sp. Def" (score: 0.9376) | Box: [[925,416], [994,416], [994,443], [925,443]]
"111-1" (score: 0.8860) | Box: [[1026,414], [1121,414], [1121,442], [1026,442]]
"米Defense" (score: 0.9269) | Box: [[59,445], [169,445], [169,475], [59,475]]
"1000Speed" (score: 0.9810) | Box: [[197,444], [409,447], [408,477], [196,474]]
"14832" (score: 0.9969) | Box: [[447,446], [551,443], [552,474], [448,477]]
"米Defense 200—32 Speed" (score: 0.9078) | Box: [[639,445], [986,445], [986,475], [639,475]]
"94-4" (score: 0.8633) | Box: [[1034,445], [1120,440], [1122,472], [1036,477]]
"ゲッウ" (score: 0.6938) | Box: [[81,504], [216,504], [216,535], [81,535]]
"ブリジュラス" (score: 0.8169) | Box: [[674,504], [812,504], [812,535], [674,535]]
"HP" (score: 0.9767) | Box: [[61,537], [132,537], [132,568], [61,568]]
"155--8" (score: 0.8184) | Box: [[197,539], [317,539], [317,568], [197,568]]
" Sp.Atk" (score: 0.9049) | Box: [[307,538], [414,541], [413,569], [306,566]]
"15532" (score: 0.9975) | Box: [[451,540], [549,540], [549,566], [451,566]]
"HP" (score: 0.9788) | Box: [[640,540], [709,540], [709,567], [640,567]]
"19732 Sp.Atk" (score: 0.9444) | Box: [[775,539], [1011,539], [1011,568], [775,568]]
"1300" (score: 0.9945) | Box: [[1025,540], [1119,540], [1119,566], [1025,566]]
"*Attack8" (score: 0.8499) | Box: [[60,570], [174,570], [174,601], [60,601]]
"1030 Sp.Def" (score: 0.9518) | Box: [[196,571], [419,571], [419,601], [196,601]]
"910" (score: 0.9915) | Box: [[441,571], [544,571], [544,601], [441,601]]
"1250 Sp.Def 12630" (score: 0.9596) | Box: [[775,571], [1128,571], [1128,599], [775,599]]
"米Defense" (score: 0.8901) | Box: [[59,602], [169,602], [169,633], [59,633]]
"870Speed184-26" (score: 0.9452) | Box: [[205,603], [550,603], [550,632], [205,632]]
"米Defense" (score: 0.9406) | Box: [[638,602], [747,602], [747,633], [638,633]]
"1500Speed" (score: 0.9837) | Box: [[775,603], [985,606], [985,632], [775,629]]
"1094" (score: 0.9918) | Box: [[1022,603], [1122,600], [1123,628], [1023,631]]

=========================================
FILE: 20260808132849.png
=========================================
[USING DEFAULT OCR MODEL]
[RAW WORDS DETECTED: 48]
"Select a Battle Team to Edit" (score: 0.9292) | Box: [[438,25], [759,25], [759,58], [438,58]]
"Moves & More" (score: 0.9119) | Box: [[414,139], [538,139], [538,165], [414,165]]
"Stats" (score: 0.9983) | Box: [[698,139], [745,139], [745,168], [698,168]]
"カバルドン" (score: 0.8585) | Box: [[94,190], [214,190], [214,221], [94,221]]
" Earthquake" (score: 0.9616) | Box: [[366,194], [485,194], [485,223], [366,223]]
"リザード" (score: 0.8496) | Box: [[671,190], [792,190], [792,221], [671,221]]
"GNE" (score: 0.5082) | Box: [[841,192], [921,192], [921,220], [841,220]]
"③ Flare Blitz" (score: 0.8707) | Box: [[946,195], [1052,195], [1052,221], [946,221]]
"Sand Stream" (score: 0.9892) | Box: [[101,226], [197,229], [196,255], [100,252]]
"O Yawn" (score: 0.8529) | Box: [[366,227], [443,230], [442,256], [365,253]]
"Blaze" (score: 0.9941) | Box: [[680,227], [728,230], [726,254], [678,250]]
"Outrage" (score: 0.9902) | Box: [[944,227], [1043,233], [1041,259], [942,253]]
"Leftovers" (score: 0.9459) | Box: [[96,259], [175,264], [174,290], [95,285]]
"OWhirlwind" (score: 0.9206) | Box: [[365,258], [475,261], [475,287], [365,284]]
"Charizardite X" (score: 0.9660) | Box: [[647,258], [789,262], [788,288], [646,284]]
"3 Flame Charge" (score: 0.9059) | Box: [[942,255], [1082,261], [1080,292], [941,286]]
"O Slack Off" (score: 0.9012) | Box: [[368,293], [470,293], [470,319], [368,319]]
"O Swords Dance" (score: 0.9521) | Box: [[946,293], [1081,293], [1081,319], [946,319]]
"ミミツキユ" (score: 0.6619) | Box: [[92,346], [210,349], [209,380], [91,377]]
"Play Rough" (score: 0.9748) | Box: [[367,350], [483,355], [482,381], [366,376]]
"メタグロス" (score: 0.8863) | Box: [[668,346], [794,349], [793,380], [667,377]]
"Body Press" (score: 0.9486) | Box: [[946,350], [1059,354], [1058,381], [945,377]]
"Disguise" (score: 0.9982) | Box: [[99,381], [173,384], [171,416], [97,413]]
" Shadow Claw" (score: 0.9395) | Box: [[368,386], [499,386], [499,412], [368,412]]
"Clear Body" (score: 0.9586) | Box: [[679,379], [768,384], [766,415], [677,410]]
" Psychic Fangs" (score: 0.9278) | Box: [[945,384], [1077,390], [1075,416], [943,410]]
"Life Orb" (score: 0.9176) | Box: [[90,416], [171,416], [171,447], [90,447]]
"Shadow Sneak" (score: 0.9798) | Box: [[364,416], [504,416], [504,442], [364,442]]
" Metagrossite" (score: 0.9641) | Box: [[647,414], [780,420], [779,451], [646,445]]
" Iron Defense" (score: 0.9167) | Box: [[944,415], [1074,418], [1073,444], [944,442]]
" Swords Dance" (score: 0.9288) | Box: [[367,448], [504,451], [503,478], [366,475]]
"Agility" (score: 0.9201) | Box: [[943,446], [1030,450], [1029,482], [942,479]]
"ゲッコウ" (score: 0.6559) | Box: [[91,505], [215,505], [215,535], [91,535]]
"Dark Pulse" (score: 0.9888) | Box: [[388,507], [480,510], [479,536], [387,533]]
"ブリジュラス" (score: 0.9039) | Box: [[674,502], [813,505], [812,535], [674,532]]
"U" (score: 0.6255) | Box: [[320,512], [344,512], [344,529], [320,529]]
"E" (score: 0.5437) | Box: [[951,515], [975,515], [975,529], [951,529]]
"Stealth Rock" (score: 0.9907) | Box: [[972,511], [1069,511], [1069,534], [972,534]]
"Protean" (score: 0.9971) | Box: [[100,539], [167,543], [165,569], [98,565]]
" Sludge Wave" (score: 0.9348) | Box: [[365,541], [498,541], [498,571], [365,571]]
"Stamina" (score: 0.9977) | Box: [[679,542], [746,542], [746,568], [679,568]]
"Dragon Tail" (score: 0.9423) | Box: [[944,540], [1064,542], [1063,572], [944,569]]
"? Greninjite" (score: 0.8501) | Box: [[70,572], [182,576], [180,606], [68,601]]
"Ice Beam" (score: 0.9614) | Box: [[364,572], [470,572], [470,603], [364,603]]
"Sitrus Berry" (score: 0.9561) | Box: [[677,573], [768,577], [767,605], [676,600]]
" lron Head" (score: 0.8827) | Box: [[944,572], [1056,572], [1056,602], [944,602]]
"Grass Knot" (score: 0.9764) | Box: [[365,605], [483,608], [482,634], [365,631]]
" Mirror Coat" (score: 0.9370) | Box: [[944,605], [1065,608], [1065,634], [944,631]]

=========================================
FILE: 3.jpg
=========================================
[USING KOREAN OCR MODEL]
[RAW WORDS DETECTED: 100]
"슬롯7" (score: 0.9627) | Box: [[317,106], [412,101], [415,144], [320,150]]
"팀ID:A8UGPUXFCA" (score: 0.9958) | Box: [[668,109], [952,109], [952,143], [668,143]]
"머머" (score: 0.8130) | Box: [[1432,103], [1510,103], [1510,149], [1432,149]]
"능력" (score: 0.9997) | Box: [[758,201], [824,201], [824,244], [758,244]]
"스테이터스" (score: 0.9995) | Box: [[1056,201], [1202,201], [1202,242], [1056,242]]
"R" (score: 0.9959) | Box: [[1342,208], [1372,208], [1372,236], [1342,236]]
"팬텀" (score: 0.9821) | Box: [[258,270], [340,270], [340,324], [258,324]]
"삼삼드래" (score: 0.9916) | Box: [[1059,272], [1203,267], [1205,317], [1061,322]]
"HP" (score: 0.9989) | Box: [[258,322], [314,322], [314,361], [258,361]]
"147--12" (score: 0.9547) | Box: [[402,324], [546,324], [546,357], [402,357]]
"©" (score: 0.6906) | Box: [[570,330], [610,330], [610,353], [570,353]]
"특수공격& 188-21" (score: 0.9199) | Box: [[614,328], [886,328], [886,355], [614,355]]
"HP" (score: 0.9990) | Box: [[1064,324], [1112,324], [1112,357], [1064,357]]
"169" (score: 0.9995) | Box: [[1204,326], [1264,326], [1264,357], [1204,357]]
"2" (score: 0.9913) | Box: [[1298,326], [1328,326], [1328,355], [1298,355]]
"©" (score: 0.5285) | Box: [[1370,326], [1416,326], [1416,357], [1370,357]]
"특수공격  19432" (score: 0.9332) | Box: [[1408,328], [1692,328], [1692,355], [1408,355]]
"*공격" (score: 0.9906) | Box: [[214,365], [354,365], [354,409], [214,409]]
"760" (score: 0.9987) | Box: [[414,369], [542,369], [542,403], [414,403]]
"©" (score: 0.6136) | Box: [[568,371], [612,371], [612,403], [568,403]]
"특수방어" (score: 0.9968) | Box: [[606,369], [728,369], [728,403], [606,403]]
"95|0" (score: 0.8630) | Box: [[762,369], [884,369], [884,403], [762,403]]
"*공격" (score: 0.9665) | Box: [[1012,363], [1158,363], [1158,413], [1012,413]]
"112" (score: 0.9987) | Box: [[1200,371], [1264,371], [1264,401], [1200,401]]
"-0" (score: 0.5447) | Box: [[1260,369], [1334,369], [1334,405], [1260,405]]
"©" (score: 0.5389) | Box: [[1368,371], [1416,371], [1416,403], [1368,403]]
"특수방어110-0" (score: 0.9384) | Box: [[1404,367], [1684,369], [1684,403], [1404,401]]
"방어" (score: 0.9767) | Box: [[212,409], [328,409], [328,453], [212,453]]
"844" (score: 0.9995) | Box: [[414,415], [534,415], [534,449], [414,449]]
"스피드" (score: 0.9995) | Box: [[614,415], [700,415], [700,445], [614,445]]
"159-:29" (score: 0.8724) | Box: [[752,413], [894,413], [894,449], [752,449]]
"방어" (score: 0.9763) | Box: [[1014,409], [1128,409], [1128,453], [1014,453]]
"110" (score: 0.9995) | Box: [[1200,415], [1266,415], [1266,449], [1200,449]]
"0" (score: 0.9830) | Box: [[1292,415], [1332,415], [1332,447], [1292,447]]
"스피드" (score: 0.9994) | Box: [[1416,415], [1500,415], [1500,445], [1416,445]]
"15032" (score: 0.9991) | Box: [[1554,417], [1694,417], [1694,445], [1554,445]]
"메타그로스" (score: 0.9929) | Box: [[205,490], [434,495], [433,536], [204,532]]
"아머까오" (score: 0.9993) | Box: [[1064,492], [1202,492], [1202,534], [1064,534]]
"HP" (score: 0.9975) | Box: [[258,540], [316,540], [316,578], [258,578]]
"187 32" (score: 0.9027) | Box: [[400,540], [546,540], [546,576], [400,576]]
"©" (score: 0.7955) | Box: [[570,546], [608,546], [608,572], [570,572]]
"특수공격 103" (score: 0.9595) | Box: [[622,544], [810,544], [810,572], [622,572]]
"-0" (score: 0.8028) | Box: [[848,546], [876,546], [876,572], [848,572]]
"HP" (score: 0.9988) | Box: [[1062,542], [1116,542], [1116,578], [1062,578]]
"20532" (score: 0.9992) | Box: [[1200,542], [1348,542], [1348,576], [1200,576]]
"©" (score: 0.7197) | Box: [[1370,546], [1410,546], [1410,570], [1370,570]]
"특수공격※ 650" (score: 0.8863) | Box: [[1418,540], [1682,542], [1682,576], [1418,574]]
"* 공격" (score: 0.9023) | Box: [[216,586], [352,586], [352,621], [216,621]]
"20532" (score: 0.9987) | Box: [[402,590], [546,590], [546,617], [402,617]]
"©" (score: 0.5587) | Box: [[566,588], [612,588], [612,619], [566,619]]
"특수방어" (score: 0.9981) | Box: [[616,590], [726,590], [726,617], [616,617]]
"110" (score: 0.9995) | Box: [[748,590], [812,590], [812,617], [748,617]]
"* 공격" (score: 0.9216) | Box: [[1014,582], [1130,582], [1130,625], [1014,625]]
"1070" (score: 0.9970) | Box: [[1200,586], [1338,586], [1338,621], [1200,621]]
"특수방어" (score: 0.9971) | Box: [[1414,586], [1530,586], [1530,619], [1414,619]]
"107" (score: 0.9925) | Box: [[1520,590], [1624,590], [1624,617], [1520,617]]
"2" (score: 0.9982) | Box: [[1646,590], [1678,590], [1678,617], [1646,617]]
"10" (score: 0.7468) | Box: [[212,627], [328,627], [328,671], [212,671]]
"1500" (score: 0.9991) | Box: [[398,631], [538,631], [538,667], [398,667]]
"Ⅲ스피드" (score: 0.7663) | Box: [[566,631], [702,631], [702,665], [566,665]]
"92." (score: 0.8256) | Box: [[764,633], [816,633], [816,665], [764,665]]
"·2" (score: 0.6830) | Box: [[850,631], [876,631], [876,661], [850,661]]
"방어" (score: 0.9793) | Box: [[1014,627], [1154,627], [1154,671], [1014,671]]
"17232" (score: 0.9989) | Box: [[1202,635], [1366,635], [1366,663], [1202,663]]
"홀 스피드" (score: 0.7258) | Box: [[1362,631], [1502,631], [1502,665], [1362,665]]
"87" (score: 0.9991) | Box: [[1566,633], [1624,633], [1624,665], [1566,665]]
"0" (score: 0.9734) | Box: [[1650,631], [1678,631], [1678,661], [1650,661]]
"한카리아스" (score: 0.9993) | Box: [[258,705], [436,705], [436,752], [258,752]]
"E" (score: 0.5580) | Box: [[1006,715], [1060,705], [1067,744], [1014,754]]
"기리속" (score: 0.6866) | Box: [[1060,711], [1202,711], [1202,752], [1060,752]]
"HP" (score: 0.9983) | Box: [[260,760], [314,760], [314,796], [260,796]]
"183" (score: 0.9992) | Box: [[400,758], [462,758], [462,796], [400,796]]
"ㅇ" (score: 0.7340) | Box: [[496,764], [532,764], [532,790], [496,790]]
"©" (score: 0.6219) | Box: [[564,760], [616,760], [616,792], [564,792]]
"특수공격3 90" (score: 0.8426) | Box: [[608,762], [824,762], [824,790], [608,790]]
"•" (score: 0.6855) | Box: [[1024,766], [1060,766], [1060,790], [1024,790]]
"HP" (score: 0.9985) | Box: [[1054,758], [1116,758], [1116,796], [1054,796]]
"187" (score: 0.9993) | Box: [[1202,762], [1264,762], [1264,792], [1202,792]]
"32" (score: 0.9930) | Box: [[1280,762], [1366,762], [1366,790], [1280,790]]
"©특수공격 176-14" (score: 0.9335) | Box: [[1360,758], [1696,758], [1696,792], [1360,792]]
"* 공격" (score: 0.9472) | Box: [[214,800], [330,800], [330,842], [214,842]]
"18232" (score: 0.9993) | Box: [[400,804], [550,804], [550,838], [400,838]]
"특수방어" (score: 0.9992) | Box: [[618,804], [726,804], [726,838], [618,838]]
"105" (score: 0.9995) | Box: [[750,806], [810,806], [810,836], [750,836]]
"* 공격" (score: 0.8928) | Box: [[1014,800], [1156,800], [1156,842], [1014,842]]
"840" (score: 0.9918) | Box: [[1214,804], [1338,804], [1338,838], [1214,838]]
"특수방어" (score: 0.9933) | Box: [[1414,804], [1528,804], [1528,838], [1414,838]]
"148-" (score: 0.9487) | Box: [[1552,806], [1640,806], [1640,836], [1552,836]]
"-12" (score: 0.9827) | Box: [[1626,804], [1698,804], [1698,840], [1626,840]]
"방어" (score: 0.9762) | Box: [[212,844], [330,844], [330,887], [212,887]]
"1172" (score: 0.9978) | Box: [[398,850], [564,850], [564,883], [398,883]]
"스피드" (score: 0.9917) | Box: [[564,850], [730,850], [730,883], [564,883]]
"16932" (score: 0.9997) | Box: [[746,848], [894,848], [894,881], [746,881]]
"방어" (score: 0.9882) | Box: [[1014,846], [1130,846], [1130,887], [1014,887]]
"98-4" (score: 0.8665) | Box: [[1214,850], [1334,850], [1334,883], [1214,883]]
"스피드" (score: 0.9860) | Box: [[1366,850], [1502,850], [1502,883], [1366,883]]
"84" (score: 0.9994) | Box: [[1564,850], [1626,850], [1626,881], [1564,881]]
"-4" (score: 0.8873) | Box: [[1648,846], [1684,846], [1684,879], [1648,879]]
"B" (score: 0.9976) | Box: [[1698,1016], [1732,1016], [1732,1044], [1698,1044]]
"돌아간다" (score: 0.9995) | Box: [[1726,1009], [1875,1004], [1876,1048], [1727,1053]]

=========================================
FILE: Screenshot_20260803-180528.png
=========================================
[USING DEFAULT OCR MODEL]
[RAW WORDS DETECTED: 47]
"1" (score: 0.5288) | Box: [[111,3], [165,3], [165,44], [111,44]]
"チーム3" (score: 0.9654) | Box: [[909,109], [1016,109], [1016,145], [909,145]]
"AC" (score: 0.9981) | Box: [[1490,106], [1543,106], [1543,148], [1490,148]]
"能力" (score: 0.9988) | Box: [[1016,226], [1074,226], [1074,257], [1016,257]]
"ステータス" (score: 0.9995) | Box: [[1317,223], [1452,223], [1452,260], [1317,260]]
"ゲッコウガ" (score: 0.9554) | Box: [[514,299], [681,299], [681,335], [514,335]]
"マスカーニャ" (score: 0.9964) | Box: [[1320,293], [1523,293], [1523,338], [1320,338]]
"トリックフラワ" (score: 0.9432) | Box: [[1734,295], [1911,304], [1909,341], [1732,332]]
"しゆりけん" (score: 0.8805) | Box: [[932,306], [1099,306], [1099,332], [932,332]]
"へんげんじさい" (score: 0.8551) | Box: [[529,348], [694,348], [694,376], [529,376]]
"あくのはどう" (score: 0.9858) | Box: [[932,353], [1079,353], [1079,379], [932,379]]
"へんげんじさい" (score: 0.8614) | Box: [[1335,348], [1500,348], [1500,376], [1335,376]]
"トリプルアクセル" (score: 0.9637) | Box: [[1697,348], [1928,348], [1928,384], [1697,384]]
"ときあいのタスキ" (score: 0.8793) | Box: [[481,389], [697,389], [697,426], [481,426]]
"れいとうビム" (score: 0.6991) | Box: [[932,395], [1102,395], [1102,423], [932,423]]
"こだわスーフ" (score: 0.5929) | Box: [[1287,392], [1520,392], [1520,428], [1287,428]]
"はたきとす" (score: 0.8798) | Box: [[1738,395], [1885,395], [1885,423], [1738,423]]
"ヘドロウェーブ" (score: 0.9526) | Box: [[930,439], [1094,436], [1095,465], [930,467]]
"?とんぼがえり" (score: 0.7767) | Box: [[1702,439], [1885,439], [1885,467], [1702,467]]
"バシャーモ" (score: 0.9980) | Box: [[519,514], [687,514], [687,550], [519,550]]
"③" (score: 0.5360) | Box: [[755,519], [874,519], [874,548], [755,548]]
"カバルドン" (score: 0.9834) | Box: [[1310,511], [1485,511], [1485,556], [1310,556]]
"とびひげ" (score: 0.8126) | Box: [[932,524], [1079,524], [1079,550], [932,550]]
"Uしん" (score: 0.6416) | Box: [[1697,517], [1816,517], [1816,556], [1697,556]]
"かそく" (score: 0.9868) | Box: [[524,563], [605,563], [605,600], [524,600]]
"フルアドライブ" (score: 0.8945) | Box: [[935,569], [1094,569], [1094,597], [935,597]]
"すなおこし" (score: 0.9491) | Box: [[1335,566], [1452,566], [1452,595], [1335,595]]
"口なまける" (score: 0.8215) | Box: [[1700,569], [1837,569], [1837,597], [1700,597]]
"バシャーモナイト" (score: 0.9126) | Box: [[514,610], [717,610], [717,644], [514,644]]
"かみなりパンチ" (score: 0.9971) | Box: [[935,613], [1105,613], [1105,641], [935,641]]
"オポンのみ" (score: 0.8831) | Box: [[1330,613], [1454,613], [1454,641], [1330,641]]
"0あくび" (score: 0.8395) | Box: [[1700,608], [1816,608], [1816,644], [1700,644]]
"つるきのまい" (score: 0.9036) | Box: [[932,659], [1082,659], [1082,685], [932,685]]
"D" (score: 0.5914) | Box: [[1702,657], [1862,657], [1862,685], [1702,685]]
"ハツサム" (score: 0.9730) | Box: [[1314,721], [1452,728], [1450,774], [1312,768]]
"アシレーヌ" (score: 0.9982) | Box: [[517,732], [674,732], [674,768], [517,768]]
"うたかたのアリア" (score: 0.9936) | Box: [[932,740], [1127,740], [1127,771], [932,771]]
"🎶" (score: 0.8723) | Box: [[1558,732], [1682,732], [1682,768], [1558,768]]
"5バレツトパンチ" (score: 0.7978) | Box: [[1697,737], [1905,737], [1905,771], [1697,771]]
"ムーンフォース" (score: 0.9133) | Box: [[930,784], [1092,784], [1092,813], [930,813]]
"テクニシャン" (score: 0.9843) | Box: [[1335,784], [1472,784], [1472,813], [1335,813]]
"Fはねやすめ" (score: 0.8971) | Box: [[1700,781], [1867,781], [1867,818], [1700,818]]
"たべのこし" (score: 0.9932) | Box: [[522,828], [649,828], [649,857], [522,857]]
"0まもる" (score: 0.9012) | Box: [[894,826], [1016,826], [1016,862], [894,862]]
"ハツサナイト" (score: 0.8728) | Box: [[1285,822], [1493,831], [1491,868], [1284,859]]
"Fダブルウイング" (score: 0.8813) | Box: [[1700,826], [1905,826], [1905,862], [1700,862]]
"0ほろびのうた" (score: 0.8857) | Box: [[892,867], [1084,867], [1084,903], [892,903]]

=========================================
FILE: Screenshot_20260803-180926.png
=========================================
[USING DEFAULT OCR MODEL]
[RAW WORDS DETECTED: 132]
"チーム3" (score: 0.9654) | Box: [[909,109], [1016,109], [1016,145], [909,145]]
"AC" (score: 0.9921) | Box: [[1487,106], [1543,106], [1543,148], [1487,148]]
"能力" (score: 0.9995) | Box: [[1016,226], [1074,226], [1074,257], [1016,257]]
"ステータス" (score: 0.9973) | Box: [[1312,218], [1457,218], [1457,262], [1312,262]]
"ゲッコウガ" (score: 0.9845) | Box: [[517,299], [681,299], [681,335], [517,335]]
"マスカ" (score: 0.9992) | Box: [[1325,299], [1424,299], [1424,335], [1325,335]]
"ニヤ" (score: 0.8449) | Box: [[1452,304], [1517,304], [1517,332], [1452,332]]
"HP" (score: 0.9915) | Box: [[522,343], [565,343], [565,376], [522,376]]
"147" (score: 0.9975) | Box: [[654,340], [714,340], [714,379], [654,379]]
"0" (score: 0.9815) | Box: [[757,348], [780,348], [780,374], [757,374]]
"170" (score: 0.9978) | Box: [[1006,345], [1059,345], [1059,374], [1006,374]]
"32" (score: 0.9971) | Box: [[1105,348], [1150,348], [1150,376], [1105,376]]
"HP" (score: 0.9907) | Box: [[1322,343], [1371,343], [1371,376], [1322,376]]
"153" (score: 0.9985) | Box: [[1457,340], [1523,340], [1523,379], [1457,379]]
"❤" (score: 0.8088) | Box: [[1282,350], [1310,350], [1310,374], [1282,374]]
"2" (score: 0.9966) | Box: [[1561,348], [1583,348], [1583,374], [1561,374]]
"とくこう" (score: 0.9823) | Box: [[1674,346], [1797,340], [1799,376], [1676,382]]
"90" (score: 0.9979) | Box: [[1824,345], [1870,345], [1870,374], [1824,374]]
"0" (score: 0.9768) | Box: [[1913,348], [1935,348], [1935,374], [1913,374]]
"*" (score: 0.8144) | Box: [[474,392], [512,392], [512,423], [474,423]]
"こうげき103" (score: 0.9604) | Box: [[514,389], [714,389], [714,423], [514,423]]
"0" (score: 0.9754) | Box: [[757,392], [783,392], [783,418], [757,418]]
"とくぼう" (score: 0.9942) | Box: [[877,392], [973,392], [973,421], [877,421]]
"91" (score: 0.9986) | Box: [[1021,389], [1059,389], [1059,421], [1021,421]]
"0" (score: 0.9822) | Box: [[1110,392], [1135,392], [1135,418], [1110,418]]
"*" (score: 0.8457) | Box: [[1277,392], [1317,392], [1317,423], [1277,423]]
"こうげき" (score: 0.9758) | Box: [[1322,389], [1424,389], [1424,426], [1322,426]]
"162" (score: 0.9978) | Box: [[1462,389], [1515,389], [1515,421], [1462,421]]
"32" (score: 0.9959) | Box: [[1558,389], [1604,389], [1604,421], [1558,421]]
"©" (score: 0.6567) | Box: [[1624,389], [1669,389], [1669,421], [1624,421]]
"90" (score: 0.9967) | Box: [[1824,389], [1870,389], [1870,421], [1824,421]]
"0" (score: 0.9722) | Box: [[1913,395], [1938,395], [1938,421], [1913,421]]
"ぼうぎよ" (score: 0.8804) | Box: [[519,434], [621,434], [621,470], [519,470]]
"89" (score: 0.9978) | Box: [[669,436], [717,436], [717,467], [669,467]]
"2" (score: 0.9958) | Box: [[757,436], [780,436], [780,465], [757,465]]
"すばやさ" (score: 0.9791) | Box: [[874,434], [978,434], [978,470], [874,470]]
"174" (score: 0.9987) | Box: [[1008,436], [1064,436], [1064,465], [1008,465]]
"32" (score: 0.9966) | Box: [[1105,436], [1150,436], [1150,467], [1105,467]]
"ぼうぎよ" (score: 0.9029) | Box: [[1325,434], [1424,434], [1424,470], [1325,470]]
"90" (score: 0.9971) | Box: [[1472,434], [1515,434], [1515,467], [1472,467]]
"0" (score: 0.9778) | Box: [[1561,439], [1583,439], [1583,465], [1561,465]]
"すばやさ" (score: 0.7675) | Box: [[1680,436], [1809,436], [1809,465], [1680,465]]
"192" (score: 0.9975) | Box: [[1804,436], [1870,436], [1870,465], [1804,465]]
"32" (score: 0.9963) | Box: [[1910,436], [1953,436], [1953,465], [1910,465]]
"バシャー" (score: 0.9954) | Box: [[519,514], [649,514], [649,556], [519,556]]
"モ" (score: 0.9961) | Box: [[649,517], [684,517], [684,550], [649,550]]
"カバルドン" (score: 0.9951) | Box: [[1315,511], [1485,511], [1485,556], [1315,556]]
"❤" (score: 0.8936) | Box: [[474,563], [512,563], [512,595], [474,595]]
"HP" (score: 0.9909) | Box: [[522,561], [565,561], [565,595], [522,595]]
"155" (score: 0.9982) | Box: [[651,558], [717,558], [717,597], [651,597]]
"0" (score: 0.9704) | Box: [[757,566], [783,566], [783,589], [757,589]]
"2>?" (score: 0.7072) | Box: [[877,566], [998,566], [998,595], [877,595]]
"117" (score: 0.9984) | Box: [[1003,563], [1059,563], [1059,592], [1003,592]]
"0" (score: 0.9879) | Box: [[1110,566], [1132,566], [1132,592], [1110,592]]
"❤" (score: 0.7132) | Box: [[1282,566], [1310,566], [1310,592], [1282,592]]
"HP" (score: 0.9908) | Box: [[1325,561], [1368,561], [1368,595], [1325,595]]
"215" (score: 0.9985) | Box: [[1457,563], [1515,563], [1515,595], [1457,595]]
"32" (score: 0.9967) | Box: [[1555,563], [1601,563], [1601,595], [1555,595]]
"2>7" (score: 0.7264) | Box: [[1680,563], [1799,563], [1799,592], [1680,592]]
"79" (score: 0.9962) | Box: [[1827,563], [1870,563], [1870,592], [1827,592]]
"0" (score: 0.9796) | Box: [[1913,566], [1935,566], [1935,592], [1913,592]]
"*" (score: 0.5684) | Box: [[471,608], [514,608], [514,639], [471,639]]
"こうげき189" (score: 0.9102) | Box: [[512,605], [714,602], [715,639], [512,641]]
"32" (score: 0.9953) | Box: [[755,608], [798,608], [798,639], [755,639]]
"©" (score: 0.5359) | Box: [[821,608], [866,608], [866,641], [821,641]]
"とくぼう" (score: 0.9935) | Box: [[877,610], [973,610], [973,639], [877,639]]
"92" (score: 0.9965) | Box: [[1021,608], [1067,608], [1067,639], [1021,639]]
"2" (score: 0.9978) | Box: [[1110,610], [1132,610], [1132,639], [1110,639]]
"*" (score: 0.8080) | Box: [[1274,608], [1317,608], [1317,641], [1274,641]]
"こうげき" (score: 0.9586) | Box: [[1320,605], [1424,605], [1424,641], [1320,641]]
"132" (score: 0.9973) | Box: [[1462,608], [1515,608], [1515,639], [1462,639]]
"0" (score: 0.9753) | Box: [[1561,610], [1583,610], [1583,636], [1561,636]]
"©" (score: 0.6998) | Box: [[1626,608], [1669,608], [1669,639], [1626,639]]
"とくぼう" (score: 0.9899) | Box: [[1680,610], [1776,610], [1776,639], [1680,639]]
"124" (score: 0.9979) | Box: [[1811,608], [1870,608], [1870,639], [1811,639]]
"32" (score: 0.9950) | Box: [[1913,608], [1953,608], [1953,641], [1913,641]]
"ぼうぎよ" (score: 0.8807) | Box: [[519,649], [621,649], [621,685], [519,685]]
"90" (score: 0.9973) | Box: [[669,652], [714,652], [714,683], [669,683]]
"0" (score: 0.9819) | Box: [[757,657], [783,657], [783,683], [757,683]]
"すばやさ" (score: 0.9212) | Box: [[877,654], [975,654], [975,683], [877,683]]
"132" (score: 0.9978) | Box: [[1008,654], [1072,654], [1072,683], [1008,683]]
"-32" (score: 0.8577) | Box: [[1096,655], [1147,648], [1151,679], [1100,686]]
"ぼうぎよ" (score: 0.8164) | Box: [[1322,649], [1452,649], [1452,685], [1322,685]]
"151" (score: 0.9990) | Box: [[1459,652], [1512,652], [1512,683], [1459,683]]
"0" (score: 0.9761) | Box: [[1561,654], [1583,654], [1583,680], [1561,680]]
"すばやさ" (score: 0.8929) | Box: [[1677,654], [1778,654], [1778,683], [1677,683]]
"69" (score: 0.9956) | Box: [[1824,652], [1875,652], [1875,683], [1824,683]]
"2" (score: 0.9954) | Box: [[1913,657], [1935,657], [1935,680], [1913,680]]
"ハツサム" (score: 0.9730) | Box: [[1314,721], [1452,728], [1450,774], [1312,768]]
"アシレーヌ" (score: 0.9982) | Box: [[517,732], [674,732], [674,768], [517,768]]
"?" (score: 0.5096) | Box: [[836,740], [861,740], [861,763], [836,763]]
"③" (score: 0.5907) | Box: [[1558,735], [1599,735], [1599,766], [1558,766]]
"🌈" (score: 0.5048) | Box: [[1591,735], [1634,735], [1634,766], [1591,766]]
"❤" (score: 0.8857) | Box: [[474,781], [512,781], [512,813], [474,813]]
"HP" (score: 0.9949) | Box: [[519,779], [567,779], [567,813], [519,813]]
"187" (score: 0.9979) | Box: [[654,776], [717,776], [717,815], [654,815]]
"32" (score: 0.9963) | Box: [[752,781], [798,781], [798,813], [752,813]]
"C2>?" (score: 0.6568) | Box: [[873,782], [969,776], [971,812], [876,818]]
"146" (score: 0.9980) | Box: [[1008,781], [1067,781], [1067,810], [1008,810]]
"0" (score: 0.9810) | Box: [[1110,784], [1132,784], [1132,807], [1110,807]]
"❤" (score: 0.9421) | Box: [[1277,781], [1315,781], [1315,813], [1277,813]]
"HP" (score: 0.9831) | Box: [[1322,779], [1371,779], [1371,813], [1322,813]]
"175" (score: 0.9970) | Box: [[1462,779], [1517,779], [1517,810], [1462,810]]
"30" (score: 0.9953) | Box: [[1555,781], [1601,781], [1601,810], [1555,810]]
"とくこう" (score: 0.9670) | Box: [[1680,781], [1799,781], [1799,810], [1680,810]]
"67" (score: 0.9980) | Box: [[1827,781], [1870,781], [1870,810], [1827,810]]
"0" (score: 0.9784) | Box: [[1913,784], [1935,784], [1935,810], [1913,810]]
"*" (score: 0.8881) | Box: [[471,826], [514,826], [514,859], [471,859]]
"84" (score: 0.9991) | Box: [[666,826], [714,826], [714,854], [666,854]]
"136" (score: 0.9986) | Box: [[1008,826], [1067,826], [1067,857], [1008,857]]
"*" (score: 0.8763) | Box: [[1274,826], [1325,826], [1325,857], [1274,857]]
"30" (score: 0.9938) | Box: [[1558,826], [1604,826], [1604,857], [1558,857]]
"©" (score: 0.5880) | Box: [[1624,826], [1669,826], [1669,857], [1624,857]]
"100" (score: 0.9983) | Box: [[1811,826], [1870,826], [1870,857], [1811,857]]
"こうげき" (score: 0.9847) | Box: [[522,828], [649,828], [649,857], [522,857]]
"0" (score: 0.9757) | Box: [[757,828], [783,828], [783,854], [757,854]]
"とくぼう" (score: 0.9931) | Box: [[877,828], [973,828], [973,857], [877,857]]
"0" (score: 0.9845) | Box: [[1110,828], [1132,828], [1132,854], [1110,854]]
"こうげき众" (score: 0.7685) | Box: [[1322,828], [1452,828], [1452,854], [1322,854]]
"198" (score: 0.9988) | Box: [[1459,831], [1512,831], [1512,852], [1459,852]]
"とくぼう" (score: 0.9889) | Box: [[1680,828], [1776,828], [1776,857], [1680,857]]
"132" (score: 0.9978) | Box: [[649,872], [717,872], [717,898], [649,898]]
"26" (score: 0.9964) | Box: [[752,870], [798,870], [798,901], [752,901]]
"すはやさ" (score: 0.8342) | Box: [[874,872], [975,872], [975,901], [874,901]]
"88-" (score: 0.8757) | Box: [[1021,870], [1082,870], [1082,901], [1021,901]]
"8" (score: 0.9976) | Box: [[1107,872], [1132,872], [1132,898], [1107,898]]
"ぼうきよ" (score: 0.7792) | Box: [[1322,872], [1421,872], [1421,901], [1322,901]]
"124." (score: 0.8154) | Box: [[1464,870], [1525,870], [1525,901], [1464,901]]
"4" (score: 0.9969) | Box: [[1561,872], [1583,872], [1583,898], [1561,898]]
"すばやさ" (score: 0.8586) | Box: [[1677,872], [1778,872], [1778,901], [1677,901]]
"87" (score: 0.9983) | Box: [[1824,870], [1877,870], [1877,901], [1824,901]]
"2" (score: 0.9956) | Box: [[1913,872], [1938,872], [1938,901], [1913,901]]

=========================================
FILE: Screenshot_20260812-191227.png
=========================================
[USING DEFAULT OCR MODEL]
[RAW WORDS DETECTED: 50]
"チーム2" (score: 0.9550) | Box: [[909,109], [1016,109], [1016,145], [909,145]]
"AC" (score: 0.9981) | Box: [[1490,106], [1543,106], [1543,148], [1490,148]]
"能力" (score: 0.9988) | Box: [[1016,226], [1074,226], [1074,257], [1016,257]]
"ステータス" (score: 0.9995) | Box: [[1317,223], [1452,223], [1452,260], [1317,260]]
"ガプリアス" (score: 0.9655) | Box: [[515,285], [679,291], [678,338], [514,332]]
"@💖" (score: 0.5555) | Box: [[755,301], [836,301], [836,330], [755,330]]
"Uしh" (score: 0.6161) | Box: [[931,300], [1012,307], [1009,336], [929,329]]
"ニンフィア" (score: 0.9923) | Box: [[1315,293], [1474,293], [1474,338], [1315,338]]
"@" (score: 0.7762) | Box: [[1558,301], [1629,301], [1629,335], [1558,335]]
"0ハパーポス" (score: 0.6778) | Box: [[1697,301], [1908,301], [1908,335], [1697,335]]
"さめはだ" (score: 0.9937) | Box: [[527,345], [631,345], [631,382], [527,382]]
"いドラゴンテール" (score: 0.8310) | Box: [[889,343], [1110,343], [1110,387], [889,387]]
"フエアリースキン" (score: 0.9858) | Box: [[1333,348], [1510,348], [1510,376], [1333,376]]
"カゴのみ" (score: 0.9215) | Box: [[518,392], [629,398], [627,426], [516,420]]
"ステルスロツク" (score: 0.9386) | Box: [[932,392], [1097,392], [1097,421], [932,421]]
"たべのこし" (score: 0.9537) | Box: [[1316,389], [1457,395], [1456,429], [1314,423]]
"0まもる" (score: 0.9205) | Box: [[1697,389], [1819,389], [1819,428], [1697,428]]
"ねむる" (score: 0.9927) | Box: [[932,441], [1013,441], [1013,467], [932,467]]
"口ねがいごと" (score: 0.7605) | Box: [[1700,436], [1859,436], [1859,465], [1700,465]]
"バシャーモ" (score: 0.9980) | Box: [[519,514], [687,514], [687,550], [519,550]]
"ドドゲザン" (score: 0.9866) | Box: [[1317,509], [1479,509], [1479,556], [1317,556]]
"③" (score: 0.5360) | Box: [[755,519], [874,519], [874,548], [755,548]]
"💖🎶" (score: 0.6209) | Box: [[1555,514], [1682,514], [1682,550], [1555,550]]
"とびひげ" (score: 0.8126) | Box: [[932,524], [1079,524], [1079,550], [932,550]]
"0ドゲザン" (score: 0.7996) | Box: [[1692,517], [1837,517], [1837,553], [1692,553]]
"かそく" (score: 0.9868) | Box: [[524,563], [605,563], [605,600], [524,600]]
"フルアドライブ" (score: 0.8945) | Box: [[935,569], [1094,569], [1094,597], [935,597]]
"そうだいしよう" (score: 0.9757) | Box: [[1335,566], [1497,566], [1497,595], [1335,595]]
"ふいうち" (score: 0.8762) | Box: [[1695,561], [1844,561], [1844,605], [1695,605]]
"バシャーモナイト" (score: 0.9126) | Box: [[514,610], [717,610], [717,644], [514,644]]
"かみなりパンチ" (score: 0.9971) | Box: [[935,613], [1105,613], [1105,641], [935,641]]
"くろいメガネ" (score: 0.7479) | Box: [[1284,613], [1474,613], [1474,641], [1284,641]]
"アイアンヘツド" (score: 0.8751) | Box: [[1700,608], [1897,608], [1897,644], [1700,644]]
"つるきのまい" (score: 0.9612) | Box: [[930,659], [1084,659], [1084,685], [930,685]]
"口つるきのまい" (score: 0.8137) | Box: [[1702,657], [1885,657], [1885,685], [1702,685]]
"サーフゴー" (score: 0.9864) | Box: [[514,727], [664,727], [664,771], [514,771]]
"4ゴールドラツシ" (score: 0.7069) | Box: [[894,735], [1120,735], [1120,771], [894,771]]
"ギャラドス" (score: 0.9102) | Box: [[1312,727], [1485,727], [1485,771], [1312,771]]
"パワーウツプ" (score: 0.9207) | Box: [[1735,740], [1903,740], [1903,768], [1735,768]]
"おうこんのからだ" (score: 0.9310) | Box: [[529,784], [725,784], [725,815], [529,815]]
"シヤドーポール" (score: 0.7702) | Box: [[927,787], [1105,787], [1105,815], [927,815]]
"いかく" (score: 0.9889) | Box: [[1330,779], [1409,779], [1409,815], [1330,815]]
"ゆきなだれ" (score: 0.8952) | Box: [[1735,787], [1865,787], [1865,815], [1735,815]]
"こスフ" (score: 0.6523) | Box: [[486,826], [719,826], [719,862], [486,862]]
"10まんポルト" (score: 0.9070) | Box: [[935,831], [1092,831], [1092,859], [935,859]]
"こうかくレンズ" (score: 0.9980) | Box: [[1330,833], [1490,833], [1490,859], [1330,859]]
"でんじは" (score: 0.8900) | Box: [[1735,831], [1839,831], [1839,859], [1735,859]]
"パワージエム" (score: 0.8713) | Box: [[933,872], [1082,875], [1081,904], [932,901]]
"ストー" (score: 0.8338) | Box: [[1738,878], [1806,878], [1806,903], [1738,903]]
"ンエッジ" (score: 0.7887) | Box: [[1796,875], [1905,875], [1905,901], [1796,901]]

=========================================
FILE: Screenshot_20260812-191236.png
=========================================
[USING DEFAULT OCR MODEL]
[RAW WORDS DETECTED: 132]
"チーム2" (score: 0.9550) | Box: [[909,109], [1016,109], [1016,145], [909,145]]
"AC" (score: 0.9921) | Box: [[1487,106], [1543,106], [1543,148], [1487,148]]
"ステータス" (score: 0.9960) | Box: [[1310,215], [1454,215], [1454,260], [1310,260]]
"能力" (score: 0.9995) | Box: [[1016,226], [1074,226], [1074,257], [1016,257]]
"ガプリアス" (score: 0.9627) | Box: [[513,285], [682,291], [680,338], [511,332]]
"ニンフイア" (score: 0.9161) | Box: [[1317,296], [1469,296], [1469,332], [1317,332]]
"❤" (score: 0.8942) | Box: [[474,345], [512,345], [512,376], [474,376]]
"HP" (score: 0.9880) | Box: [[519,343], [567,343], [567,376], [519,376]]
"215" (score: 0.9984) | Box: [[654,345], [717,345], [717,376], [654,376]]
"32" (score: 0.9968) | Box: [[752,345], [798,345], [798,376], [752,376]]
"とくこう" (score: 0.9729) | Box: [[873,346], [997,340], [999,376], [875,382]]
"90" (score: 0.9977) | Box: [[1021,345], [1064,345], [1064,374], [1021,374]]
"0" (score: 0.9761) | Box: [[1110,348], [1132,348], [1132,371], [1110,371]]
"❤" (score: 0.8088) | Box: [[1282,350], [1310,350], [1310,374], [1282,374]]
"HP" (score: 0.9799) | Box: [[1319,346], [1367,339], [1372,373], [1324,380]]
"202" (score: 0.9964) | Box: [[1459,345], [1520,345], [1520,376], [1459,376]]
"32" (score: 0.9964) | Box: [[1551,349], [1598,341], [1603,370], [1556,378]]
"©" (score: 0.5607) | Box: [[1624,345], [1672,345], [1672,374], [1624,374]]
"c2>?" (score: 0.6345) | Box: [[1680,348], [1773,348], [1773,376], [1680,376]]
"130" (score: 0.9982) | Box: [[1811,345], [1870,345], [1870,374], [1811,374]]
"0" (score: 0.9768) | Box: [[1913,348], [1935,348], [1935,374], [1913,374]]
"*" (score: 0.9410) | Box: [[472,386], [516,392], [511,426], [468,419]]
"こうげき" (score: 0.9516) | Box: [[514,392], [618,392], [618,421], [514,421]]
"150" (score: 0.9972) | Box: [[656,389], [712,389], [712,421], [656,421]]
"0" (score: 0.9754) | Box: [[757,392], [783,392], [783,418], [757,418]]
"とくぼう" (score: 0.9942) | Box: [[877,392], [973,392], [973,421], [877,421]]
"122" (score: 0.9966) | Box: [[1011,389], [1064,389], [1064,421], [1011,421]]
"17" (score: 0.9991) | Box: [[1112,395], [1150,395], [1150,421], [1112,421]]
"*" (score: 0.8457) | Box: [[1277,392], [1317,392], [1317,423], [1277,423]]
"こうげき" (score: 0.9673) | Box: [[1325,392], [1452,392], [1452,421], [1325,421]]
"76" (score: 0.9974) | Box: [[1472,389], [1515,389], [1515,421], [1472,421]]
"0" (score: 0.9772) | Box: [[1561,392], [1583,392], [1583,418], [1561,418]]
"©" (score: 0.7454) | Box: [[1624,389], [1672,389], [1672,421], [1624,421]]
"150" (score: 0.9978) | Box: [[1811,389], [1872,389], [1872,421], [1811,421]]
"0" (score: 0.9722) | Box: [[1913,395], [1938,395], [1938,421], [1913,421]]
"144" (score: 0.9991) | Box: [[651,436], [725,436], [725,465], [651,465]]
"16" (score: 0.9983) | Box: [[760,439], [798,439], [798,465], [760,465]]
"すばやさ" (score: 0.9791) | Box: [[874,434], [978,434], [978,470], [874,470]]
"123" (score: 0.9984) | Box: [[1008,436], [1064,436], [1064,465], [1008,465]]
"ぼきよ" (score: 0.6550) | Box: [[1325,436], [1449,436], [1449,465], [1325,465]]
"128" (score: 0.9981) | Box: [[1459,436], [1517,436], [1517,465], [1459,465]]
"32" (score: 0.9971) | Box: [[1555,436], [1601,436], [1601,465], [1555,465]]
"すばやさ" (score: 0.8836) | Box: [[1680,436], [1778,436], [1778,465], [1680,465]]
"82" (score: 0.9973) | Box: [[1824,436], [1872,436], [1872,467], [1824,467]]
"2" (score: 0.9962) | Box: [[1910,439], [1935,439], [1935,465], [1910,465]]
"バシャー" (score: 0.9941) | Box: [[514,511], [651,511], [651,556], [514,556]]
"モ" (score: 0.9964) | Box: [[646,517], [684,517], [684,550], [646,550]]
"ドドゲザン" (score: 0.9866) | Box: [[1317,509], [1479,509], [1479,556], [1317,556]]
"?" (score: 0.7652) | Box: [[1558,517], [1601,517], [1601,548], [1558,548]]
"❤" (score: 0.8936) | Box: [[474,563], [512,563], [512,595], [474,595]]
"HP" (score: 0.9940) | Box: [[519,561], [565,561], [565,595], [519,595]]
"155" (score: 0.9982) | Box: [[651,558], [717,558], [717,597], [651,597]]
"0" (score: 0.9704) | Box: [[757,566], [783,566], [783,589], [757,589]]
"2>?" (score: 0.7072) | Box: [[877,566], [998,566], [998,595], [877,595]]
"117" (score: 0.9987) | Box: [[1001,563], [1061,563], [1061,592], [1001,592]]
"0" (score: 0.9879) | Box: [[1110,566], [1132,566], [1132,592], [1110,592]]
"❤" (score: 0.9338) | Box: [[1277,563], [1315,563], [1315,595], [1277,595]]
"HP" (score: 0.9830) | Box: [[1322,561], [1371,561], [1371,595], [1322,595]]
"175" (score: 0.9989) | Box: [[1459,563], [1515,563], [1515,595], [1459,595]]
"0" (score: 0.9707) | Box: [[1561,566], [1583,566], [1583,589], [1561,589]]
"2>7" (score: 0.7264) | Box: [[1680,563], [1799,563], [1799,592], [1680,592]]
"72" (score: 0.9960) | Box: [[1827,563], [1870,563], [1870,595], [1827,595]]
"0" (score: 0.9796) | Box: [[1913,566], [1935,566], [1935,592], [1913,592]]
"*" (score: 0.9195) | Box: [[471,608], [514,608], [514,641], [471,641]]
"こうげき189" (score: 0.9102) | Box: [[512,605], [714,602], [715,639], [512,641]]
"32" (score: 0.9953) | Box: [[755,608], [798,608], [798,639], [755,639]]
"©" (score: 0.5359) | Box: [[821,608], [866,608], [866,641], [821,641]]
"とくぼう" (score: 0.9843) | Box: [[874,610], [973,610], [973,639], [874,639]]
"92" (score: 0.9964) | Box: [[1021,608], [1069,608], [1069,639], [1021,639]]
"2" (score: 0.9978) | Box: [[1110,610], [1132,610], [1132,639], [1110,639]]
"*" (score: 0.8639) | Box: [[1274,608], [1317,608], [1317,639], [1274,639]]
"こうげき205" (score: 0.9408) | Box: [[1317,605], [1517,602], [1518,639], [1318,641]]
"32" (score: 0.9970) | Box: [[1555,608], [1604,608], [1604,639], [1555,639]]
"©" (score: 0.7698) | Box: [[1624,608], [1669,608], [1669,639], [1624,639]]
"とくぼう" (score: 0.9899) | Box: [[1680,610], [1776,610], [1776,639], [1680,639]]
"105" (score: 0.9983) | Box: [[1811,608], [1872,608], [1872,639], [1811,639]]
"0" (score: 0.9736) | Box: [[1913,610], [1935,610], [1935,636], [1913,636]]
"ぼうぎよ" (score: 0.8807) | Box: [[519,649], [621,649], [621,685], [519,685]]
"90" (score: 0.9973) | Box: [[669,652], [714,652], [714,683], [669,683]]
"0" (score: 0.9719) | Box: [[755,657], [783,657], [783,683], [755,683]]
"すばやさ" (score: 0.9212) | Box: [[877,654], [975,654], [975,683], [877,683]]
"132" (score: 0.9978) | Box: [[1008,654], [1072,654], [1072,683], [1008,683]]
"-32" (score: 0.8455) | Box: [[1093,655], [1147,648], [1151,679], [1097,686]]
"ぼうぎよ" (score: 0.9069) | Box: [[1322,649], [1426,649], [1426,685], [1322,685]]
"142" (score: 0.9975) | Box: [[1462,652], [1520,652], [1520,683], [1462,683]]
"2" (score: 0.9963) | Box: [[1561,654], [1583,654], [1583,680], [1561,680]]
"すばやさ" (score: 0.8847) | Box: [[1680,654], [1778,654], [1778,683], [1680,683]]
"102" (score: 0.9980) | Box: [[1811,654], [1877,654], [1877,683], [1811,683]]
"32" (score: 0.9962) | Box: [[1908,654], [1951,654], [1951,683], [1908,683]]
"サ" (score: 0.9991) | Box: [[519,732], [555,732], [555,766], [519,766]]
"ギャラドス" (score: 0.9989) | Box: [[1315,727], [1485,727], [1485,771], [1315,771]]
"F" (score: 0.7117) | Box: [[1631,735], [1667,735], [1667,766], [1631,766]]
"❤" (score: 0.9246) | Box: [[474,781], [509,781], [509,813], [474,813]]
"HP" (score: 0.9949) | Box: [[519,779], [567,779], [567,813], [519,813]]
"162" (score: 0.9971) | Box: [[651,776], [717,776], [717,815], [651,815]]
"0" (score: 0.9598) | Box: [[755,784], [783,784], [783,807], [755,807]]
"c2>?" (score: 0.6630) | Box: [[873,782], [966,776], [969,812], [876,818]]
"185" (score: 0.9981) | Box: [[1011,781], [1069,781], [1069,810], [1011,810]]
"32" (score: 0.9969) | Box: [[1102,781], [1150,781], [1150,810], [1102,810]]
"❤" (score: 0.7104) | Box: [[1279,784], [1310,784], [1310,807], [1279,807]]
"HP" (score: 0.9831) | Box: [[1322,779], [1371,779], [1371,813], [1322,813]]
"202" (score: 0.9964) | Box: [[1457,779], [1517,779], [1517,810], [1457,810]]
"32" (score: 0.9965) | Box: [[1553,781], [1601,781], [1601,810], [1553,810]]
"とくこう" (score: 0.9670) | Box: [[1680,781], [1799,781], [1799,810], [1680,810]]
"72" (score: 0.9954) | Box: [[1827,781], [1870,781], [1870,810], [1827,810]]
"0" (score: 0.9443) | Box: [[1910,784], [1938,784], [1938,807], [1910,807]]
"*" (score: 0.8881) | Box: [[471,826], [514,826], [514,859], [471,859]]
"こうげき" (score: 0.9847) | Box: [[522,828], [649,828], [649,857], [522,857]]
"72" (score: 0.9962) | Box: [[669,826], [714,826], [714,857], [669,857]]
"0" (score: 0.9647) | Box: [[755,828], [783,828], [783,854], [755,854]]
"とくぼう" (score: 0.9709) | Box: [[874,823], [975,823], [975,859], [874,859]]
"111" (score: 0.9986) | Box: [[1008,826], [1061,826], [1061,857], [1008,857]]
"0" (score: 0.9795) | Box: [[1110,828], [1135,828], [1135,854], [1110,854]]
"*" (score: 0.8763) | Box: [[1274,826], [1325,826], [1325,857], [1274,857]]
"こうげき" (score: 0.9716) | Box: [[1322,828], [1424,828], [1424,857], [1322,857]]
"145" (score: 0.9986) | Box: [[1459,826], [1517,826], [1517,857], [1459,857]]
"0" (score: 0.9729) | Box: [[1561,828], [1586,828], [1586,854], [1561,854]]
"©" (score: 0.6618) | Box: [[1624,826], [1672,826], [1672,857], [1624,857]]
"とくぼ" (score: 0.9792) | Box: [[1680,828], [1806,828], [1806,857], [1680,857]]
"143" (score: 0.9979) | Box: [[1796,828], [1875,828], [1875,854], [1796,854]]
"10" (score: 0.9966) | Box: [[1913,826], [1956,826], [1956,857], [1913,857]]
"119" (score: 0.9981) | Box: [[654,870], [719,870], [719,901], [654,901]]
"4" (score: 0.9972) | Box: [[757,872], [780,872], [780,898], [757,898]]
"すばやさ" (score: 0.7676) | Box: [[874,872], [1006,872], [1006,901], [874,901]]
"147" (score: 0.9990) | Box: [[1001,870], [1059,870], [1059,898], [1001,898]]
"30" (score: 0.9945) | Box: [[1102,870], [1150,870], [1150,901], [1102,901]]
"ぼうぎよ" (score: 0.8245) | Box: [[1320,867], [1424,867], [1424,903], [1320,903]]
"121" (score: 0.9971) | Box: [[1462,870], [1523,870], [1523,901], [1462,901]]
"22" (score: 0.9956) | Box: [[1553,870], [1604,870], [1604,901], [1553,901]]
"すばやさ" (score: 0.9141) | Box: [[1677,872], [1781,872], [1781,901], [1677,901]]
"103" (score: 0.9982) | Box: [[1809,870], [1872,870], [1872,901], [1809,901]]
"2" (score: 0.9959) | Box: [[1913,872], [1938,872], [1938,898], [1913,898]]

=========================================
FILE: d63c7969-02ff-4dec-b10b-0c697d67ec19.jpg
=========================================
[USING DEFAULT OCR MODEL]
[RAW WORDS DETECTED: 74]
"スロツト1" (score: 0.9023) | Box: [[300,111], [425,107], [426,143], [301,147]]
"チームID:TRY2W18DVL" (score: 0.9295) | Box: [[654,113], [962,113], [962,141], [654,141]]
"バタチャ" (score: 0.9260) | Box: [[1402,107], [1538,107], [1538,149], [1402,149]]
"能力" (score: 0.9997) | Box: [[756,202], [820,202], [820,240], [756,240]]
"ステータス" (score: 0.9723) | Box: [[1058,201], [1196,201], [1196,242], [1058,242]]
"R" (score: 0.9895) | Box: [[1344,208], [1372,208], [1372,236], [1344,236]]
"スターミー" (score: 0.9970) | Box: [[260,274], [422,274], [422,316], [260,316]]
"マスカーニャ" (score: 0.9977) | Box: [[1061,274], [1266,278], [1265,318], [1060,313]]
"HP" (score: 0.9901) | Box: [[262,324], [316,324], [316,359], [262,359]]
"137" (score: 0.9986) | Box: [[402,326], [472,326], [472,355], [402,355]]
"2" (score: 0.9962) | Box: [[496,328], [528,328], [528,353], [496,353]]
"とくこう108" (score: 0.8700) | Box: [[566,326], [810,326], [810,353], [566,353]]
"0" (score: 0.8290) | Box: [[808,328], [880,328], [880,355], [808,355]]
"HP" (score: 0.9874) | Box: [[1060,326], [1116,326], [1116,355], [1060,355]]
"175--24" (score: 0.8978) | Box: [[1200,324], [1350,324], [1350,357], [1200,357]]
"とくこう" (score: 0.8126) | Box: [[1366,328], [1544,328], [1544,355], [1366,355]]
"90" (score: 0.9977) | Box: [[1566,330], [1610,330], [1610,353], [1566,353]]
"*こうげき13932とくぼ1050" (score: 0.8678) | Box: [[216,367], [888,367], [888,407], [216,407]]
"とくぼう" (score: 0.9118) | Box: [[1360,369], [1522,369], [1522,403], [1360,403]]
"900" (score: 0.9920) | Box: [[1562,369], [1684,369], [1684,405], [1562,405]]
"ぼうぎよ1050" (score: 0.8815) | Box: [[256,417], [566,417], [566,445], [256,445]]
"すばやさ167一32" (score: 0.9087) | Box: [[562,413], [896,413], [896,447], [562,447]]
"11727" (score: 0.9943) | Box: [[1166,417], [1368,417], [1368,445], [1166,445]]
"美すばやさ" (score: 0.8274) | Box: [[1364,413], [1530,413], [1530,447], [1364,447]]
"1485" (score: 0.9971) | Box: [[1516,413], [1680,413], [1680,447], [1516,447]]
"・ラウドボーン" (score: 0.9123) | Box: [[194,497], [459,490], [460,530], [195,536]]
"ヤミラミ" (score: 0.9421) | Box: [[1063,488], [1198,493], [1197,536], [1062,532]]
"HP" (score: 0.9887) | Box: [[260,542], [316,542], [316,574], [260,574]]
"181" (score: 0.9982) | Box: [[400,544], [468,544], [468,574], [400,574]]
"2" (score: 0.9949) | Box: [[498,544], [530,544], [530,572], [498,572]]
"とくこう" (score: 0.9380) | Box: [[566,544], [718,544], [718,572], [566,572]]
"130-0" (score: 0.9386) | Box: [[718,542], [878,542], [878,570], [718,570]]
"HP" (score: 0.9906) | Box: [[1064,542], [1116,542], [1116,574], [1064,574]]
"157-32" (score: 0.9565) | Box: [[1198,542], [1350,542], [1350,576], [1198,576]]
"とくこう" (score: 0.9328) | Box: [[1366,544], [1514,544], [1514,572], [1366,572]]
"85-0" (score: 0.8688) | Box: [[1564,542], [1682,542], [1682,576], [1564,576]]
"*こげき850" (score: 0.8337) | Box: [[218,588], [568,588], [568,621], [218,621]]
"とくぼう13932" (score: 0.9277) | Box: [[560,586], [896,586], [896,619], [560,619]]
"*こげき850" (score: 0.8383) | Box: [[1018,588], [1364,588], [1364,621], [1018,621]]
"とくぼう" (score: 0.9290) | Box: [[1361,583], [1522,588], [1521,624], [1360,619]]
"872" (score: 0.9958) | Box: [[1562,586], [1684,586], [1684,619], [1562,619]]
"*" (score: 0.6588) | Box: [[218,631], [262,631], [262,665], [218,665]]
"152一32すばやさ" (score: 0.9596) | Box: [[398,635], [724,635], [724,663], [398,663]]
"860" (score: 0.9939) | Box: [[762,631], [886,631], [886,665], [762,665]]
"*" (score: 0.5826) | Box: [[1019,628], [1065,634], [1061,668], [1015,662]]
"ぼうぎよ139一32すばやさ" (score: 0.8482) | Box: [[1064,635], [1524,635], [1524,663], [1064,663]]
"70" (score: 0.9964) | Box: [[1564,633], [1624,633], [1624,663], [1564,663]]
"0" (score: 0.9241) | Box: [[1646,637], [1675,630], [1682,658], [1653,665]]
"ガブリアス" (score: 0.9700) | Box: [[259,700], [430,705], [429,755], [258,750]]
"フラエッテ" (score: 0.9705) | Box: [[1060,711], [1222,711], [1222,746], [1060,746]]
"HP" (score: 0.9945) | Box: [[262,760], [314,760], [314,792], [262,792]]
"215" (score: 0.9985) | Box: [[398,760], [460,760], [460,792], [398,792]]
"32とくこう" (score: 0.8457) | Box: [[496,758], [744,758], [744,792], [496,792]]
"90" (score: 0.9975) | Box: [[764,764], [810,764], [810,788], [764,788]]
"❤" (score: 0.7702) | Box: [[1024,766], [1060,766], [1060,790], [1024,790]]
"HP" (score: 0.9918) | Box: [[1058,760], [1116,760], [1116,792], [1058,792]]
"149" (score: 0.9981) | Box: [[1202,760], [1260,760], [1260,792], [1202,792]]
"-0" (score: 0.7874) | Box: [[1282,764], [1330,764], [1330,788], [1282,788]]
"とくこう194" (score: 0.9198) | Box: [[1368,762], [1616,762], [1616,790], [1368,790]]
"32" (score: 0.9969) | Box: [[1616,762], [1694,762], [1694,790], [1616,790]]
"米こうげき" (score: 0.8743) | Box: [[216,804], [370,804], [370,838], [216,838]]
"150" (score: 0.9983) | Box: [[398,806], [464,806], [464,836], [398,836]]
"-0" (score: 0.6570) | Box: [[464,806], [560,806], [560,836], [464,836]]
"とくぼう" (score: 0.9761) | Box: [[614,804], [720,804], [720,838], [614,838]]
"107" (score: 0.9988) | Box: [[750,806], [816,806], [816,836], [750,836]]
"2" (score: 0.9947) | Box: [[850,808], [878,808], [878,838], [850,838]]
"*こ760" (score: 0.6888) | Box: [[1016,802], [1336,802], [1336,842], [1016,842]]
"148" (score: 0.9990) | Box: [[1550,806], [1612,806], [1612,836], [1550,836]]
"0" (score: 0.9546) | Box: [[1650,808], [1680,808], [1680,834], [1650,834]]
"米ぼうぎよ161一32すばやさ" (score: 0.8220) | Box: [[216,850], [730,850], [730,883], [216,883]]
"122" (score: 0.9835) | Box: [[720,852], [812,852], [812,879], [720,879]]
"89-2" (score: 0.8941) | Box: [[1214,852], [1370,852], [1370,879], [1214,879]]
"すばやさ14432" (score: 0.9739) | Box: [[1360,848], [1696,846], [1696,881], [1360,884]]
"戻る" (score: 0.9996) | Box: [[1804,1009], [1878,1009], [1878,1054], [1804,1054]]

=========================================
FILE: d7974668-b1e4-4417-9293-cc524495f26c.jpg
=========================================
[USING DEFAULT OCR MODEL]
[RAW WORDS DETECTED: 50]
"スロット1" (score: 0.9200) | Box: [[302,111], [426,111], [426,145], [302,145]]
"チームID:TRY2W18DVL" (score: 0.9295) | Box: [[654,113], [962,113], [962,141], [654,141]]
"バタチヤ" (score: 0.9706) | Box: [[1403,105], [1538,110], [1537,151], [1402,146]]
"能力" (score: 0.9634) | Box: [[756,202], [822,202], [822,242], [756,242]]
"ステータス" (score: 0.9991) | Box: [[1060,201], [1196,201], [1196,242], [1060,242]]
"R" (score: 0.9902) | Box: [[1342,208], [1372,208], [1372,236], [1342,236]]
"スターミー" (score: 0.9987) | Box: [[260,272], [424,272], [424,320], [260,320]]
"アワアブレイク" (score: 0.9254) | Box: [[669,280], [838,284], [837,318], [668,313]]
"マスカーニャ" (score: 0.9950) | Box: [[1063,274], [1264,278], [1263,320], [1062,315]]
"0" (score: 0.6382) | Box: [[642,284], [682,284], [682,316], [642,316]]
"トリックフラワ-" (score: 0.8899) | Box: [[1474,284], [1650,288], [1650,314], [1474,309]]
"しぜんかいふく" (score: 0.9784) | Box: [[276,330], [440,330], [440,357], [276,357]]
"0" (score: 0.5599) | Box: [[642,330], [678,330], [678,363], [642,363]]
"アワアジエツト" (score: 0.9028) | Box: [[680,332], [834,332], [834,359], [680,359]]
"しんりよく" (score: 0.9595) | Box: [[1074,326], [1192,326], [1192,361], [1074,361]]
"はたきおとす" (score: 0.9555) | Box: [[1478,332], [1628,332], [1628,359], [1478,359]]
"スターミナイト" (score: 0.8272) | Box: [[228,369], [436,369], [436,409], [228,409]]
"こわスカーフ" (score: 0.6255) | Box: [[1026,369], [1265,365], [1266,407], [1027,411]]
"トリプルアクセル" (score: 0.9866) | Box: [[1438,369], [1670,369], [1670,409], [1438,409]]
"アイススピナー" (score: 0.7739) | Box: [[640,417], [838,417], [838,455], [640,455]]
"とんぼがえり" (score: 0.9959) | Box: [[1480,421], [1626,421], [1626,449], [1480,449]]
"・ラウドポーン" (score: 0.9682) | Box: [[190,497], [457,488], [458,530], [191,538]]
"フレアソング" (score: 0.9084) | Box: [[677,498], [818,503], [817,532], [676,528]]
"ヤミラミ" (score: 0.9647) | Box: [[1062,492], [1194,492], [1194,534], [1062,534]]
"イカサマ" (score: 0.9905) | Box: [[1478,504], [1580,504], [1580,532], [1478,532]]
"てんねん" (score: 0.9967) | Box: [[273,539], [375,544], [373,580], [271,575]]
"シヤドーポール" (score: 0.8670) | Box: [[678,546], [850,546], [850,580], [678,580]]
"いすらこころ" (score: 0.7925) | Box: [[1078,548], [1242,548], [1242,576], [1078,576]]
"おにび" (score: 0.9697) | Box: [[1478,550], [1560,550], [1560,580], [1478,580]]
"たべのこし" (score: 0.9942) | Box: [[271,587], [396,592], [395,626], [270,621]]
"おにび" (score: 0.9560) | Box: [[678,594], [758,594], [758,621], [678,621]]
"ひかりのねんど" (score: 0.9987) | Box: [[1074,596], [1244,596], [1244,623], [1074,623]]
"リフレクター" (score: 0.9857) | Box: [[1472,590], [1620,590], [1620,623], [1472,623]]
"なまける" (score: 0.9861) | Box: [[667,633], [780,638], [779,671], [666,667]]
"ひかりのかべ" (score: 0.9988) | Box: [[1478,637], [1630,635], [1630,665], [1478,667]]
"ガブリアス" (score: 0.9700) | Box: [[259,700], [428,705], [427,755], [258,750]]
"じしん" (score: 0.6867) | Box: [[673,714], [755,719], [753,751], [671,746]]
"フラエツテ" (score: 0.9182) | Box: [[1062,711], [1224,711], [1224,752], [1062,752]]
"ムーンフォース" (score: 0.9329) | Box: [[1470,717], [1644,717], [1644,750], [1470,750]]
"さめはだ" (score: 0.9993) | Box: [[276,764], [374,764], [374,794], [276,794]]
"ドラゴンテール" (score: 0.9958) | Box: [[674,766], [848,766], [848,794], [674,794]]
"フラワーベール" (score: 0.8720) | Box: [[1078,764], [1242,764], [1242,792], [1078,792]]
"ドレインキッス" (score: 0.9134) | Box: [[1472,764], [1648,764], [1648,798], [1472,798]]
"フラエツテナイト" (score: 0.9025) | Box: [[1029,802], [1260,808], [1259,848], [1028,841]]
"オポンのみ" (score: 0.9230) | Box: [[272,812], [398,812], [398,840], [272,840]]
"ステルスロツク" (score: 0.9627) | Box: [[678,812], [844,812], [844,840], [678,840]]
"はめつのひかり" (score: 0.9993) | Box: [[1484,812], [1650,812], [1650,838], [1484,838]]
"がんせきふうじ" (score: 0.7940) | Box: [[678,856], [852,856], [852,883], [678,883]]
"めいそう" (score: 0.9631) | Box: [[1440,854], [1584,854], [1584,887], [1440,887]]
"戻る" (score: 0.9996) | Box: [[1804,1009], [1878,1009], [1878,1054], [1804,1054]]

